Table for Mechanism = SAPRC22_AE65_AQ                 
NPHOTAB =   33
!Individual rates listed below:
NO2_06          
NO3NO_06        
NO3NO2_6        
O3O1D_06        
O3O3P_06        
HONO_06         
HNO3            
HNO4_06         
H2O2            
HCHOR_13        
HCHOM_13        
PAN_11          
GLY_I13R        
GLY_I13M        
BALD_11         
PPN_11          
BACL_11         
COOH            
CCHOR_13        
GLALD_14        
C2CHOabs        
ACROL_16        
ACET_06         
MEK_06          
MACR_06         
MVK_16          
AFGS            
PAA             
MGLY_13         
CRBNIT          
IC3ONO2         
DIONO2          
HPALDS          
NTEMP =    6
! I   TEMP( I ) K
  1  210.00
  2  230.00
  3  250.00
  4  270.00
  5  290.00
  6  310.00
! Wavelength and Photolysis Rate Parameters for CMAQ In-Line Photolysis
! calculation . The values are determined by averaging technique over the below
! number of wavelength bins. The technique employs an approach used by the FASTJX
! versions 6 and 7.
!References:
! 1) Bian, H. S. and Prather, M. J.: Fast-J2: accurate simulation of stratospheric
!     photolysis in global chemical models, J. Atmos. Chem., 41, 281-296
     doi:10.1023/A:1014980619462, 2002.
! 2) Hsu, J. and Prather, M. J.: Stratospheric variability and tropospheric ozone,
!    J. Geophys. Res., 114, D06102, doi:10.1029/2008JD010942, 2009.
! 3) Prather, M. J.: Fast-JX versions and utilities, available at:
!    http://www.ess.uci.edu/researchgrp/prather/scholar_software/fast-jx
!    (last accessed: 24 January 2014), 2014.
! Wave bands and Solar Flux
! 
N_INLINE_BAND =    7
! I,      START_WL_BIN(nm),    EFFECT_WL_BIN_(nm),       END_WL_BIN_(nm), photon_flux(cm-2*s-1), 
  1,               291.000,               294.590,               298.300,            5.8828E+14, 
  2,               298.300,               303.151,               307.500,            7.6354E+14, 
  3,               307.500,               310.007,               312.500,            5.0412E+14, 
  4,               312.500,               316.434,               320.300,            8.9628E+14, 
  5,               320.300,               333.076,               345.000,            3.8537E+15, 
  6,               345.000,               381.997,               412.500,            1.5457E+16, 
  7,               412.500,               607.723,               850.000,            2.1307E+17, 
!...  CS  = absorption cross sections averaged over UCI Solar Flux
!...  QY  = quantum yields averaged over UCI Solar Flux
!...  EQY = eCS*eQY/CS averaged over Solar Flux and 77 bins in UCI Model
!PHOTAB       QUANTITY   TEMP   WBIN(  1)     WBIN(  2)     WBIN(  3)     WBIN(  4)     WBIN(  5)     WBIN(  6)     WBIN(  7)
NO2_06              CS  210.000 1.063921E-19  1.489476E-19  1.911589E-19  2.368089E-19  3.715161E-19  5.867486E-19  1.216142E-20
NO2_06             EQY  210.000 1.000000E+00  1.000000E+00  1.000000E+00  1.000000E+00  1.000000E+00  7.871307E-01  2.012091E-02
NO2_06              CS  230.000 1.065452E-19  1.488762E-19  1.907597E-19  2.355477E-19  3.679235E-19  5.852241E-19  1.213006E-20
NO2_06             EQY  230.000 1.000000E+00  1.000000E+00  1.000000E+00  1.000000E+00  1.000000E+00  7.871307E-01  2.012091E-02
NO2_06              CS  250.000 1.068513E-19  1.487335E-19  1.899615E-19  2.330251E-19  3.607383E-19  5.821752E-19  1.206733E-20
NO2_06             EQY  250.000 1.000000E+00  1.000000E+00  1.000000E+00  1.000000E+00  1.000000E+00  7.879280E-01  2.081692E-02
NO2_06              CS  270.000 1.071574E-19  1.485908E-19  1.891632E-19  2.305026E-19  3.535530E-19  5.791262E-19  1.200460E-20
NO2_06             EQY  270.000 1.000000E+00  1.000000E+00  1.000000E+00  1.000000E+00  1.000000E+00  7.959008E-01  2.777702E-02
NO2_06              CS  290.000 1.074636E-19  1.484480E-19  1.883650E-19  2.279800E-19  3.463678E-19  5.760772E-19  1.194188E-20
NO2_06             EQY  290.000 1.000000E+00  1.000000E+00  1.000000E+00  1.000000E+00  1.000000E+00  8.038736E-01  3.473711E-02
NO2_06              CS  310.000 1.075248E-19  1.484195E-19  1.882053E-19  2.274755E-19  3.449308E-19  5.754674E-19  1.192933E-20
NO2_06             EQY  310.000 1.000000E+00  1.000000E+00  1.000000E+00  1.000000E+00  1.000000E+00  8.070627E-01  3.752115E-02
NO3NO_06            CS  210.000 0.000000E+00  0.000000E+00  0.000000E+00  0.000000E+00  0.000000E+00  5.262113E-21  1.613590E-18
NO3NO_06           EQY  210.000 0.000000E+00  0.000000E+00  0.000000E+00  0.000000E+00  0.000000E+00  0.000000E+00  8.130509E-02
NO3NO_06            CS  230.000 0.000000E+00  0.000000E+00  0.000000E+00  0.000000E+00  0.000000E+00  4.993950E-21  1.531360E-18
NO3NO_06           EQY  230.000 0.000000E+00  0.000000E+00  0.000000E+00  0.000000E+00  0.000000E+00  0.000000E+00  8.048424E-02
NO3NO_06            CS  250.000 0.000000E+00  0.000000E+00  0.000000E+00  0.000000E+00  0.000000E+00  4.713711E-21  1.445427E-18
NO3NO_06           EQY  250.000 0.000000E+00  0.000000E+00  0.000000E+00  0.000000E+00  0.000000E+00  0.000000E+00  8.024673E-02
NO3NO_06            CS  270.000 0.000000E+00  0.000000E+00  0.000000E+00  0.000000E+00  0.000000E+00  4.425707E-21  1.357113E-18
NO3NO_06           EQY  270.000 0.000000E+00  0.000000E+00  0.000000E+00  0.000000E+00  0.000000E+00  0.000000E+00  8.000923E-02
NO3NO_06            CS  290.000 0.000000E+00  0.000000E+00  0.000000E+00  0.000000E+00  0.000000E+00  4.133394E-21  1.267477E-18
NO3NO_06           EQY  290.000 0.000000E+00  0.000000E+00  0.000000E+00  0.000000E+00  0.000000E+00  0.000000E+00  7.977173E-02
NO3NO_06            CS  310.000 0.000000E+00  0.000000E+00  0.000000E+00  0.000000E+00  0.000000E+00  3.839497E-21  1.177355E-18
NO3NO_06           EQY  310.000 0.000000E+00  0.000000E+00  0.000000E+00  0.000000E+00  0.000000E+00  0.000000E+00  7.967671E-02
NO3NO2_6            CS  210.000 0.000000E+00  0.000000E+00  0.000000E+00  0.000000E+00  0.000000E+00  5.262113E-21  1.613590E-18
NO3NO2_6           EQY  210.000 0.000000E+00  0.000000E+00  0.000000E+00  0.000000E+00  0.000000E+00  1.000000E+00  5.942736E-01
NO3NO2_6            CS  230.000 0.000000E+00  0.000000E+00  0.000000E+00  0.000000E+00  0.000000E+00  4.993950E-21  1.531360E-18
NO3NO2_6           EQY  230.000 0.000000E+00  0.000000E+00  0.000000E+00  0.000000E+00  0.000000E+00  1.000000E+00  6.050572E-01
NO3NO2_6            CS  250.000 0.000000E+00  0.000000E+00  0.000000E+00  0.000000E+00  0.000000E+00  4.713711E-21  1.445427E-18
NO3NO2_6           EQY  250.000 0.000000E+00  0.000000E+00  0.000000E+00  0.000000E+00  0.000000E+00  1.000000E+00  6.142171E-01
NO3NO2_6            CS  270.000 0.000000E+00  0.000000E+00  0.000000E+00  0.000000E+00  0.000000E+00  4.425707E-21  1.357113E-18
NO3NO2_6           EQY  270.000 0.000000E+00  0.000000E+00  0.000000E+00  0.000000E+00  0.000000E+00  1.000000E+00  6.233770E-01
NO3NO2_6            CS  290.000 0.000000E+00  0.000000E+00  0.000000E+00  0.000000E+00  0.000000E+00  4.133394E-21  1.267477E-18
NO3NO2_6           EQY  290.000 0.000000E+00  0.000000E+00  0.000000E+00  0.000000E+00  0.000000E+00  1.000000E+00  6.325368E-01
NO3NO2_6            CS  310.000 0.000000E+00  0.000000E+00  0.000000E+00  0.000000E+00  0.000000E+00  3.839497E-21  1.177355E-18
NO3NO2_6           EQY  310.000 0.000000E+00  0.000000E+00  0.000000E+00  0.000000E+00  0.000000E+00  1.000000E+00  6.362008E-01
O3O1D_06            CS  210.000 7.688467E-19  2.422055E-19  8.920470E-20  3.650450E-20  4.746825E-21  6.139220E-23  1.666851E-21
O3O1D_06           EQY  210.000 9.000000E-01  8.958209E-01  5.714505E-01  2.310225E-01  1.023619E-01  7.086942E-02  0.000000E+00
O3O1D_06            CS  230.000 7.803585E-19  2.474376E-19  9.195177E-20  3.806528E-20  5.075878E-21  6.139220E-23  1.666851E-21
O3O1D_06           EQY  230.000 9.000000E-01  8.958209E-01  5.714505E-01  2.310225E-01  1.023619E-01  7.086942E-02  0.000000E+00
O3O1D_06            CS  250.000 7.995448E-19  2.561579E-19  9.653022E-20  4.066658E-20  5.624299E-21  6.139220E-23  1.666851E-21
O3O1D_06           EQY  250.000 9.000000E-01  8.958209E-01  5.714505E-01  2.310225E-01  1.023619E-01  7.086942E-02  0.000000E+00
O3O1D_06            CS  270.000 8.187311E-19  2.648782E-19  1.011087E-19  4.326788E-20  6.172721E-21  6.139220E-23  1.666851E-21
O3O1D_06           EQY  270.000 9.000000E-01  8.958209E-01  5.714505E-01  2.310225E-01  1.023619E-01  7.086942E-02  0.000000E+00
O3O1D_06            CS  290.000 8.379175E-19  2.735984E-19  1.056871E-19  4.586918E-20  6.721143E-21  6.139220E-23  1.666851E-21
O3O1D_06           EQY  290.000 9.000000E-01  8.958209E-01  5.714505E-01  2.310225E-01  1.023619E-01  7.086942E-02  0.000000E+00
O3O1D_06            CS  310.000 8.407954E-19  2.749065E-19  1.063739E-19  4.625938E-20  6.803406E-21  6.139220E-23  1.666851E-21
O3O1D_06           EQY  310.000 9.000000E-01  8.958209E-01  5.714505E-01  2.310225E-01  1.023619E-01  7.086942E-02  0.000000E+00
O3O3P_06            CS  210.000 7.688467E-19  2.422055E-19  8.920470E-20  3.650450E-20  4.746825E-21  6.139220E-23  1.666851E-21
O3O3P_06           EQY  210.000 1.000000E-01  1.041791E-01  4.285495E-01  7.689775E-01  8.976381E-01  9.291306E-01  1.000000E+00
O3O3P_06            CS  230.000 7.803585E-19  2.474376E-19  9.195177E-20  3.806528E-20  5.075878E-21  6.139220E-23  1.666851E-21
O3O3P_06           EQY  230.000 1.000000E-01  1.041791E-01  4.285495E-01  7.689775E-01  8.976381E-01  9.291306E-01  1.000000E+00
O3O3P_06            CS  250.000 7.995448E-19  2.561579E-19  9.653022E-20  4.066658E-20  5.624299E-21  6.139220E-23  1.666851E-21
O3O3P_06           EQY  250.000 1.000000E-01  1.041791E-01  4.285495E-01  7.689775E-01  8.976381E-01  9.291306E-01  1.000000E+00
O3O3P_06            CS  270.000 8.187311E-19  2.648782E-19  1.011087E-19  4.326788E-20  6.172721E-21  6.139220E-23  1.666851E-21
O3O3P_06           EQY  270.000 1.000000E-01  1.041791E-01  4.285495E-01  7.689775E-01  8.976381E-01  9.291306E-01  1.000000E+00
O3O3P_06            CS  290.000 8.379175E-19  2.735984E-19  1.056871E-19  4.586918E-20  6.721143E-21  6.139220E-23  1.666851E-21
O3O3P_06           EQY  290.000 1.000000E-01  1.041791E-01  4.285495E-01  7.689775E-01  8.976381E-01  9.291306E-01  1.000000E+00
O3O3P_06            CS  310.000 8.407954E-19  2.749065E-19  1.063739E-19  4.625938E-20  6.803406E-21  6.139220E-23  1.666851E-21
O3O3P_06           EQY  310.000 1.000000E-01  1.041791E-01  4.285495E-01  7.689775E-01  8.976381E-01  9.291306E-01  1.000000E+00
HONO_06             CS  210.000 5.486960E-21  9.335561E-21  1.881716E-20  3.188688E-20  9.007190E-20  6.903974E-20  0.000000E+00
HONO_06            EQY  210.000 1.000000E+00  1.000000E+00  1.000000E+00  1.000000E+00  1.000000E+00  1.000000E+00  0.000000E+00
HONO_06             CS  230.000 5.486960E-21  9.335561E-21  1.881716E-20  3.188688E-20  9.007190E-20  6.903974E-20  0.000000E+00
HONO_06            EQY  230.000 1.000000E+00  1.000000E+00  1.000000E+00  1.000000E+00  1.000000E+00  1.000000E+00  0.000000E+00
HONO_06             CS  250.000 5.486960E-21  9.335561E-21  1.881716E-20  3.188688E-20  9.007190E-20  6.903974E-20  0.000000E+00
HONO_06            EQY  250.000 1.000000E+00  1.000000E+00  1.000000E+00  1.000000E+00  1.000000E+00  1.000000E+00  0.000000E+00
HONO_06             CS  270.000 5.486960E-21  9.335561E-21  1.881716E-20  3.188688E-20  9.007190E-20  6.903974E-20  0.000000E+00
HONO_06            EQY  270.000 1.000000E+00  1.000000E+00  1.000000E+00  1.000000E+00  1.000000E+00  1.000000E+00  0.000000E+00
HONO_06             CS  290.000 5.486960E-21  9.335561E-21  1.881716E-20  3.188688E-20  9.007190E-20  6.903974E-20  0.000000E+00
HONO_06            EQY  290.000 1.000000E+00  1.000000E+00  1.000000E+00  1.000000E+00  1.000000E+00  1.000000E+00  0.000000E+00
HONO_06             CS  310.000 5.486960E-21  9.335561E-21  1.881716E-20  3.188688E-20  9.007190E-20  6.903974E-20  0.000000E+00
HONO_06            EQY  310.000 1.000000E+00  1.000000E+00  1.000000E+00  1.000000E+00  1.000000E+00  1.000000E+00  0.000000E+00
HNO3                CS  210.000 3.467455E-21  1.445160E-21  5.805415E-22  2.242891E-22  2.067990E-23  3.702586E-25  0.000000E+00
HNO3               EQY  210.000 1.000000E+00  1.000000E+00  1.000000E+00  1.000000E+00  1.000000E+00  1.000000E+00  0.000000E+00
HNO3                CS  230.000 3.652523E-21  1.547813E-21  6.324548E-22  2.505341E-22  2.500608E-23  3.741136E-25  0.000000E+00
HNO3               EQY  230.000 1.000000E+00  1.000000E+00  1.000000E+00  1.000000E+00  1.000000E+00  1.000000E+00  0.000000E+00
HNO3                CS  250.000 3.847468E-21  1.657759E-21  6.890104E-22  2.798501E-22  3.023729E-23  3.780088E-25  0.000000E+00
HNO3               EQY  250.000 1.000000E+00  1.000000E+00  1.000000E+00  1.000000E+00  1.000000E+00  1.000000E+00  0.000000E+00
HNO3                CS  270.000 4.052817E-21  1.775513E-21  7.506232E-22  3.125965E-22  3.656285E-23  3.819445E-25  0.000000E+00
HNO3               EQY  270.000 1.000000E+00  1.000000E+00  1.000000E+00  1.000000E+00  1.000000E+00  1.000000E+00  0.000000E+00
HNO3                CS  290.000 4.269127E-21  1.901633E-21  8.177456E-22  3.491748E-22  4.421170E-23  3.859212E-25  0.000000E+00
HNO3               EQY  290.000 1.000000E+00  1.000000E+00  1.000000E+00  1.000000E+00  1.000000E+00  1.000000E+00  0.000000E+00
HNO3                CS  310.000 4.496982E-21  2.036711E-21  8.908702E-22  3.900332E-22  5.346067E-23  3.899393E-25  0.000000E+00
HNO3               EQY  310.000 1.000000E+00  1.000000E+00  1.000000E+00  1.000000E+00  1.000000E+00  1.000000E+00  0.000000E+00
HNO4_06             CS  210.000 2.304384E-20  9.096075E-21  3.982238E-21  1.967965E-21  3.989911E-22  2.966497E-24  0.000000E+00
HNO4_06            EQY  210.000 1.000000E+00  1.000000E+00  1.000000E+00  1.000000E+00  1.000000E+00  9.707375E-01  0.000000E+00
HNO4_06             CS  230.000 2.352148E-20  9.427218E-21  4.199442E-21  2.111267E-21  4.526804E-22  4.112208E-24  0.000000E+00
HNO4_06            EQY  230.000 1.000000E+00  1.000000E+00  1.000000E+00  1.000000E+00  1.000000E+00  9.707375E-01  0.000000E+00
HNO4_06             CS  250.000 2.420943E-20  9.904153E-21  4.512274E-21  2.317659E-21  5.300073E-22  5.762332E-24  0.000000E+00
HNO4_06            EQY  250.000 1.000000E+00  1.000000E+00  1.000000E+00  1.000000E+00  1.000000E+00  9.707375E-01  0.000000E+00
HNO4_06             CS  270.000 2.513335E-20  1.054469E-20  4.932417E-21  2.594850E-21  6.338596E-22  7.978499E-24  0.000000E+00
HNO4_06            EQY  270.000 1.000000E+00  1.000000E+00  1.000000E+00  1.000000E+00  1.000000E+00  9.707375E-01  0.000000E+00
HNO4_06             CS  290.000 2.630871E-20  1.135955E-20  5.466901E-21  2.947478E-21  7.659752E-22  1.079779E-23  0.000000E+00
HNO4_06            EQY  290.000 1.000000E+00  1.000000E+00  1.000000E+00  1.000000E+00  1.000000E+00  9.707375E-01  0.000000E+00
HNO4_06             CS  310.000 2.774130E-20  1.235273E-20  6.118354E-21  3.377277E-21  9.270035E-22  1.423407E-23  0.000000E+00
HNO4_06            EQY  310.000 1.000000E+00  1.000000E+00  1.000000E+00  1.000000E+00  1.000000E+00  9.707375E-01  0.000000E+00
H2O2                CS  210.000 8.486066E-21  5.100944E-21  3.371561E-21  2.267096E-21  8.863770E-22  3.606273E-23  0.000000E+00
H2O2               EQY  210.000 1.000000E+00  1.000000E+00  1.000000E+00  1.000000E+00  1.000000E+00  1.000000E+00  0.000000E+00
H2O2                CS  230.000 8.608578E-21  5.195607E-21  3.449467E-21  2.331350E-21  9.219420E-22  3.606273E-23  0.000000E+00
H2O2               EQY  230.000 1.000000E+00  1.000000E+00  1.000000E+00  1.000000E+00  1.000000E+00  1.000000E+00  0.000000E+00
H2O2                CS  250.000 8.773998E-21  5.323424E-21  3.554658E-21  2.418108E-21  9.699629E-22  3.606273E-23  0.000000E+00
H2O2               EQY  250.000 1.000000E+00  1.000000E+00  1.000000E+00  1.000000E+00  1.000000E+00  1.000000E+00  0.000000E+00
H2O2                CS  270.000 8.984230E-21  5.485868E-21  3.688345E-21  2.528369E-21  1.030993E-21  3.606273E-23  0.000000E+00
H2O2               EQY  270.000 1.000000E+00  1.000000E+00  1.000000E+00  1.000000E+00  1.000000E+00  1.000000E+00  0.000000E+00
H2O2                CS  290.000 9.239149E-21  5.682839E-21  3.850448E-21  2.662067E-21  1.104995E-21  3.606273E-23  0.000000E+00
H2O2               EQY  290.000 1.000000E+00  1.000000E+00  1.000000E+00  1.000000E+00  1.000000E+00  1.000000E+00  0.000000E+00
H2O2                CS  310.000 9.536950E-21  5.912947E-21  4.039822E-21  2.818256E-21  1.191446E-21  3.606273E-23  0.000000E+00
H2O2               EQY  310.000 1.000000E+00  1.000000E+00  1.000000E+00  1.000000E+00  1.000000E+00  1.000000E+00  0.000000E+00
HCHOR_13            CS  210.000 3.169688E-20  3.298872E-20  1.535907E-20  3.260044E-20  1.807231E-20  7.239965E-22  0.000000E+00
HCHOR_13           EQY  210.000 7.317522E-01  7.020444E-01  6.968141E-01  6.942509E-01  2.819856E-01  5.008252E-03  0.000000E+00
HCHOR_13            CS  230.000 3.169688E-20  3.298872E-20  1.535907E-20  3.260044E-20  1.807231E-20  7.239965E-22  0.000000E+00
HCHOR_13           EQY  230.000 7.317522E-01  7.020444E-01  6.968141E-01  6.942509E-01  2.819856E-01  5.008252E-03  0.000000E+00
HCHOR_13            CS  250.000 3.169688E-20  3.298872E-20  1.535907E-20  3.260044E-20  1.807231E-20  7.239965E-22  0.000000E+00
HCHOR_13           EQY  250.000 7.317522E-01  7.020444E-01  6.968141E-01  6.942509E-01  2.819856E-01  5.008252E-03  0.000000E+00
HCHOR_13            CS  270.000 3.169688E-20  3.298872E-20  1.535907E-20  3.260044E-20  1.807231E-20  7.239965E-22  0.000000E+00
HCHOR_13           EQY  270.000 7.317522E-01  7.020444E-01  6.968141E-01  6.942509E-01  2.819856E-01  5.008252E-03  0.000000E+00
HCHOR_13            CS  290.000 3.169688E-20  3.298872E-20  1.535907E-20  3.260044E-20  1.807231E-20  7.239965E-22  0.000000E+00
HCHOR_13           EQY  290.000 7.317522E-01  7.020444E-01  6.968141E-01  6.942509E-01  2.819856E-01  5.008252E-03  0.000000E+00
HCHOR_13            CS  310.000 3.169688E-20  3.298872E-20  1.535907E-20  3.260044E-20  1.807231E-20  7.239965E-22  0.000000E+00
HCHOR_13           EQY  310.000 7.317522E-01  7.020444E-01  6.968141E-01  6.942509E-01  2.819856E-01  5.008252E-03  0.000000E+00
HCHOM_13            CS  210.000 3.169688E-20  3.298872E-20  1.535907E-20  3.260044E-20  1.807231E-20  7.400547E-22  0.000000E+00
HCHOM_13           EQY  210.000 2.699021E-01  2.979556E-01  3.031859E-01  3.062777E-01  5.535691E-01  2.581642E-01  0.000000E+00
HCHOM_13            CS  230.000 3.169688E-20  3.298872E-20  1.535907E-20  3.260044E-20  1.807231E-20  7.400547E-22  0.000000E+00
HCHOM_13           EQY  230.000 2.699021E-01  2.979556E-01  3.031859E-01  3.062777E-01  5.535691E-01  2.581642E-01  0.000000E+00
HCHOM_13            CS  250.000 3.169688E-20  3.298872E-20  1.535907E-20  3.260044E-20  1.807231E-20  7.400547E-22  0.000000E+00
HCHOM_13           EQY  250.000 2.699021E-01  2.979556E-01  3.031859E-01  3.062777E-01  5.535691E-01  2.581642E-01  0.000000E+00
HCHOM_13            CS  270.000 3.169688E-20  3.298872E-20  1.535907E-20  3.260044E-20  1.807231E-20  7.400547E-22  0.000000E+00
HCHOM_13           EQY  270.000 2.699021E-01  2.979556E-01  3.031859E-01  3.062777E-01  5.535691E-01  2.581642E-01  0.000000E+00
HCHOM_13            CS  290.000 3.169688E-20  3.298872E-20  1.535907E-20  3.260044E-20  1.807231E-20  7.400547E-22  0.000000E+00
HCHOM_13           EQY  290.000 2.699021E-01  2.979556E-01  3.031859E-01  3.062777E-01  5.535691E-01  2.581642E-01  0.000000E+00
HCHOM_13            CS  310.000 3.169688E-20  3.298872E-20  1.535907E-20  3.260044E-20  1.807231E-20  7.400547E-22  0.000000E+00
HCHOM_13           EQY  310.000 2.699021E-01  2.979556E-01  3.031859E-01  3.062777E-01  5.535691E-01  2.581642E-01  0.000000E+00
PAN_11              CS  210.000 3.530296E-21  1.417990E-21  6.732224E-22  3.640893E-22  9.143990E-23  1.597502E-24  0.000000E+00
PAN_11             EQY  210.000 1.000000E+00  1.000000E+00  1.000000E+00  1.000000E+00  1.000000E+00  1.000000E+00  0.000000E+00
PAN_11              CS  230.000 3.530296E-21  1.417990E-21  6.732224E-22  3.640893E-22  9.143990E-23  1.597502E-24  0.000000E+00
PAN_11             EQY  230.000 1.000000E+00  1.000000E+00  1.000000E+00  1.000000E+00  1.000000E+00  1.000000E+00  0.000000E+00
PAN_11              CS  250.000 3.530296E-21  1.417990E-21  6.732224E-22  3.640893E-22  9.143990E-23  1.597502E-24  0.000000E+00
PAN_11             EQY  250.000 1.000000E+00  1.000000E+00  1.000000E+00  1.000000E+00  1.000000E+00  1.000000E+00  0.000000E+00
PAN_11              CS  270.000 3.530296E-21  1.417990E-21  6.732224E-22  3.640893E-22  9.143990E-23  1.597502E-24  0.000000E+00
PAN_11             EQY  270.000 1.000000E+00  1.000000E+00  1.000000E+00  1.000000E+00  1.000000E+00  1.000000E+00  0.000000E+00
PAN_11              CS  290.000 3.530296E-21  1.417990E-21  6.732224E-22  3.640893E-22  9.143990E-23  1.597502E-24  0.000000E+00
PAN_11             EQY  290.000 1.000000E+00  1.000000E+00  1.000000E+00  1.000000E+00  1.000000E+00  1.000000E+00  0.000000E+00
PAN_11              CS  310.000 3.530296E-21  1.417990E-21  6.732224E-22  3.640893E-22  9.143990E-23  1.597502E-24  0.000000E+00
PAN_11             EQY  310.000 1.000000E+00  1.000000E+00  1.000000E+00  1.000000E+00  1.000000E+00  1.000000E+00  0.000000E+00
GLY_I13R            CS  210.000 3.790312E-20  3.572568E-20  3.193592E-20  2.574332E-20  1.107792E-20  2.757578E-20  1.225388E-21
GLY_I13R           EQY  210.000 5.404027E-01  5.248244E-01  5.375089E-01  5.629318E-01  6.324289E-01  1.641211E-01  1.698941E-02
GLY_I13R            CS  230.000 3.790312E-20  3.572568E-20  3.193592E-20  2.574332E-20  1.107792E-20  2.757578E-20  1.225388E-21
GLY_I13R           EQY  230.000 5.404027E-01  5.248244E-01  5.375089E-01  5.629318E-01  6.324289E-01  1.641211E-01  1.698941E-02
GLY_I13R            CS  250.000 3.790312E-20  3.572568E-20  3.193592E-20  2.574332E-20  1.107792E-20  2.757578E-20  1.225388E-21
GLY_I13R           EQY  250.000 5.404027E-01  5.248244E-01  5.375089E-01  5.629318E-01  6.324289E-01  1.641211E-01  1.698941E-02
GLY_I13R            CS  270.000 3.790312E-20  3.572568E-20  3.193592E-20  2.574332E-20  1.107792E-20  2.757578E-20  1.225388E-21
GLY_I13R           EQY  270.000 5.404027E-01  5.248244E-01  5.375089E-01  5.629318E-01  6.324289E-01  1.641211E-01  1.698941E-02
GLY_I13R            CS  290.000 3.790312E-20  3.572568E-20  3.193592E-20  2.574332E-20  1.107792E-20  2.757578E-20  1.225388E-21
GLY_I13R           EQY  290.000 5.404027E-01  5.248244E-01  5.375089E-01  5.629318E-01  6.324289E-01  1.641211E-01  1.698941E-02
GLY_I13R            CS  310.000 3.790312E-20  3.572568E-20  3.193592E-20  2.574332E-20  1.107792E-20  2.757578E-20  1.225388E-21
GLY_I13R           EQY  310.000 5.404027E-01  5.248244E-01  5.375089E-01  5.629318E-01  6.324289E-01  1.641211E-01  1.698941E-02
GLY_I13M            CS  210.000 3.790312E-20  3.572568E-20  3.193592E-20  2.574332E-20  1.107792E-20  1.338623E-20  0.000000E+00
GLY_I13M           EQY  210.000 4.518579E-01  4.600859E-01  4.376172E-01  3.965737E-01  2.562352E-01  8.092065E-03  0.000000E+00
GLY_I13M            CS  230.000 3.790312E-20  3.572568E-20  3.193592E-20  2.574332E-20  1.107792E-20  1.338623E-20  0.000000E+00
GLY_I13M           EQY  230.000 4.518579E-01  4.600859E-01  4.376172E-01  3.965737E-01  2.562352E-01  8.092065E-03  0.000000E+00
GLY_I13M            CS  250.000 3.790312E-20  3.572568E-20  3.193592E-20  2.574332E-20  1.107792E-20  1.338623E-20  0.000000E+00
GLY_I13M           EQY  250.000 4.518579E-01  4.600859E-01  4.376172E-01  3.965737E-01  2.562352E-01  8.092065E-03  0.000000E+00
GLY_I13M            CS  270.000 3.790312E-20  3.572568E-20  3.193592E-20  2.574332E-20  1.107792E-20  1.338623E-20  0.000000E+00
GLY_I13M           EQY  270.000 4.518579E-01  4.600859E-01  4.376172E-01  3.965737E-01  2.562352E-01  8.092065E-03  0.000000E+00
GLY_I13M            CS  290.000 3.790312E-20  3.572568E-20  3.193592E-20  2.574332E-20  1.107792E-20  1.338623E-20  0.000000E+00
GLY_I13M           EQY  290.000 4.518579E-01  4.600859E-01  4.376172E-01  3.965737E-01  2.562352E-01  8.092065E-03  0.000000E+00
GLY_I13M            CS  310.000 3.790312E-20  3.572568E-20  3.193592E-20  2.574332E-20  1.107792E-20  1.338623E-20  0.000000E+00
GLY_I13M           EQY  310.000 4.518579E-01  4.600859E-01  4.376172E-01  3.965737E-01  2.562352E-01  8.092065E-03  0.000000E+00
BALD_11             CS  210.000 7.041778E-20  5.353933E-20  5.380763E-20  6.425899E-20  6.292625E-20  1.007000E-20  0.000000E+00
BALD_11            EQY  210.000 9.000000E-02  9.000000E-02  9.000000E-02  9.000000E-02  9.000000E-02  9.000000E-02  0.000000E+00
BALD_11             CS  230.000 7.041778E-20  5.353933E-20  5.380763E-20  6.425899E-20  6.292625E-20  1.007000E-20  0.000000E+00
BALD_11            EQY  230.000 9.000000E-02  9.000000E-02  9.000000E-02  9.000000E-02  9.000000E-02  9.000000E-02  0.000000E+00
BALD_11             CS  250.000 7.041778E-20  5.353933E-20  5.380763E-20  6.425899E-20  6.292625E-20  1.007000E-20  0.000000E+00
BALD_11            EQY  250.000 9.000000E-02  9.000000E-02  9.000000E-02  9.000000E-02  9.000000E-02  9.000000E-02  0.000000E+00
BALD_11             CS  270.000 7.041778E-20  5.353933E-20  5.380763E-20  6.425899E-20  6.292625E-20  1.007000E-20  0.000000E+00
BALD_11            EQY  270.000 9.000000E-02  9.000000E-02  9.000000E-02  9.000000E-02  9.000000E-02  9.000000E-02  0.000000E+00
BALD_11             CS  290.000 7.041778E-20  5.353933E-20  5.380763E-20  6.425899E-20  6.292625E-20  1.007000E-20  0.000000E+00
BALD_11            EQY  290.000 9.000000E-02  9.000000E-02  9.000000E-02  9.000000E-02  9.000000E-02  9.000000E-02  0.000000E+00
BALD_11             CS  310.000 7.041778E-20  5.353933E-20  5.380763E-20  6.425899E-20  6.292625E-20  1.007000E-20  0.000000E+00
BALD_11            EQY  310.000 9.000000E-02  9.000000E-02  9.000000E-02  9.000000E-02  9.000000E-02  9.000000E-02  0.000000E+00
PPN_11              CS  210.000 4.648242E-21  2.224288E-21  1.215936E-21  7.207405E-22  1.897170E-22  0.000000E+00  0.000000E+00
PPN_11             EQY  210.000 1.000000E+00  1.000000E+00  1.000000E+00  1.000000E+00  1.000000E+00  0.000000E+00  0.000000E+00
PPN_11              CS  230.000 4.648242E-21  2.224288E-21  1.215936E-21  7.207405E-22  1.897170E-22  0.000000E+00  0.000000E+00
PPN_11             EQY  230.000 1.000000E+00  1.000000E+00  1.000000E+00  1.000000E+00  1.000000E+00  0.000000E+00  0.000000E+00
PPN_11              CS  250.000 4.648242E-21  2.224288E-21  1.215936E-21  7.207405E-22  1.897170E-22  0.000000E+00  0.000000E+00
PPN_11             EQY  250.000 1.000000E+00  1.000000E+00  1.000000E+00  1.000000E+00  1.000000E+00  0.000000E+00  0.000000E+00
PPN_11              CS  270.000 4.648242E-21  2.224288E-21  1.215936E-21  7.207405E-22  1.897170E-22  0.000000E+00  0.000000E+00
PPN_11             EQY  270.000 1.000000E+00  1.000000E+00  1.000000E+00  1.000000E+00  1.000000E+00  0.000000E+00  0.000000E+00
PPN_11              CS  290.000 4.648242E-21  2.224288E-21  1.215936E-21  7.207405E-22  1.897170E-22  0.000000E+00  0.000000E+00
PPN_11             EQY  290.000 1.000000E+00  1.000000E+00  1.000000E+00  1.000000E+00  1.000000E+00  0.000000E+00  0.000000E+00
PPN_11              CS  310.000 4.648242E-21  2.224288E-21  1.215936E-21  7.207405E-22  1.897170E-22  0.000000E+00  0.000000E+00
PPN_11             EQY  310.000 1.000000E+00  1.000000E+00  1.000000E+00  1.000000E+00  1.000000E+00  0.000000E+00  0.000000E+00
BACL_11             CS  210.000 2.756851E-20  1.493099E-20  8.443979E-21  4.174539E-21  2.647849E-21  3.461222E-20  5.039987E-21
BACL_11            EQY  210.000 9.883936E-01  9.803417E-01  9.706559E-01  9.580677E-01  8.934233E-01  3.479190E-01  1.000681E-01
BACL_11             CS  230.000 2.756851E-20  1.493099E-20  8.443979E-21  4.174539E-21  2.647849E-21  3.461222E-20  5.039987E-21
BACL_11            EQY  230.000 9.883936E-01  9.803417E-01  9.706559E-01  9.580677E-01  8.934233E-01  3.479190E-01  1.000681E-01
BACL_11             CS  250.000 2.756851E-20  1.493099E-20  8.443979E-21  4.174539E-21  2.647849E-21  3.461222E-20  5.039987E-21
BACL_11            EQY  250.000 9.883936E-01  9.803417E-01  9.706559E-01  9.580677E-01  8.934233E-01  3.479190E-01  1.000681E-01
BACL_11             CS  270.000 2.756851E-20  1.493099E-20  8.443979E-21  4.174539E-21  2.647849E-21  3.461222E-20  5.039987E-21
BACL_11            EQY  270.000 9.883936E-01  9.803417E-01  9.706559E-01  9.580677E-01  8.934233E-01  3.479190E-01  1.000681E-01
BACL_11             CS  290.000 2.756851E-20  1.493099E-20  8.443979E-21  4.174539E-21  2.647849E-21  3.461222E-20  5.039987E-21
BACL_11            EQY  290.000 9.883936E-01  9.803417E-01  9.706559E-01  9.580677E-01  8.934233E-01  3.479190E-01  1.000681E-01
BACL_11             CS  310.000 2.756851E-20  1.493099E-20  8.443979E-21  4.174539E-21  2.647849E-21  3.461222E-20  5.039987E-21
BACL_11            EQY  310.000 9.883936E-01  9.803417E-01  9.706559E-01  9.580677E-01  8.934233E-01  3.479190E-01  1.000681E-01
COOH                CS  210.000 5.623467E-21  3.524633E-21  2.410330E-21  1.699588E-21  7.230005E-22  5.395084E-23  0.000000E+00
COOH               EQY  210.000 1.000000E+00  1.000000E+00  1.000000E+00  1.000000E+00  1.000000E+00  1.000000E+00  0.000000E+00
COOH                CS  230.000 5.623467E-21  3.524633E-21  2.410330E-21  1.699588E-21  7.230005E-22  5.395084E-23  0.000000E+00
COOH               EQY  230.000 1.000000E+00  1.000000E+00  1.000000E+00  1.000000E+00  1.000000E+00  1.000000E+00  0.000000E+00
COOH                CS  250.000 5.623467E-21  3.524633E-21  2.410330E-21  1.699588E-21  7.230005E-22  5.395084E-23  0.000000E+00
COOH               EQY  250.000 1.000000E+00  1.000000E+00  1.000000E+00  1.000000E+00  1.000000E+00  1.000000E+00  0.000000E+00
COOH                CS  270.000 5.623467E-21  3.524633E-21  2.410330E-21  1.699588E-21  7.230005E-22  5.395084E-23  0.000000E+00
COOH               EQY  270.000 1.000000E+00  1.000000E+00  1.000000E+00  1.000000E+00  1.000000E+00  1.000000E+00  0.000000E+00
COOH                CS  290.000 5.623467E-21  3.524633E-21  2.410330E-21  1.699588E-21  7.230005E-22  5.395084E-23  0.000000E+00
COOH               EQY  290.000 1.000000E+00  1.000000E+00  1.000000E+00  1.000000E+00  1.000000E+00  1.000000E+00  0.000000E+00
COOH                CS  310.000 5.623467E-21  3.524633E-21  2.410330E-21  1.699588E-21  7.230005E-22  5.395084E-23  0.000000E+00
COOH               EQY  310.000 1.000000E+00  1.000000E+00  1.000000E+00  1.000000E+00  1.000000E+00  1.000000E+00  0.000000E+00
CCHOR_13            CS  210.000 4.432586E-20  3.717937E-20  2.933103E-20  2.104728E-20  4.763253E-21  0.000000E+00  0.000000E+00
CCHOR_13           EQY  210.000 5.716752E-01  4.511700E-01  3.201692E-01  1.781841E-01  3.761455E-02  0.000000E+00  0.000000E+00
CCHOR_13            CS  230.000 4.432586E-20  3.717937E-20  2.933103E-20  2.104728E-20  4.763253E-21  0.000000E+00  0.000000E+00
CCHOR_13           EQY  230.000 5.716752E-01  4.511700E-01  3.201692E-01  1.781841E-01  3.761455E-02  0.000000E+00  0.000000E+00
CCHOR_13            CS  250.000 4.432586E-20  3.717937E-20  2.933103E-20  2.104728E-20  4.763253E-21  0.000000E+00  0.000000E+00
CCHOR_13           EQY  250.000 5.716752E-01  4.511700E-01  3.201692E-01  1.781841E-01  3.761455E-02  0.000000E+00  0.000000E+00
CCHOR_13            CS  270.000 4.432586E-20  3.717937E-20  2.933103E-20  2.104728E-20  4.763253E-21  0.000000E+00  0.000000E+00
CCHOR_13           EQY  270.000 5.716752E-01  4.511700E-01  3.201692E-01  1.781841E-01  3.761455E-02  0.000000E+00  0.000000E+00
CCHOR_13            CS  290.000 4.432586E-20  3.717937E-20  2.933103E-20  2.104728E-20  4.763253E-21  0.000000E+00  0.000000E+00
CCHOR_13           EQY  290.000 5.716752E-01  4.511700E-01  3.201692E-01  1.781841E-01  3.761455E-02  0.000000E+00  0.000000E+00
CCHOR_13            CS  310.000 4.432586E-20  3.717937E-20  2.933103E-20  2.104728E-20  4.763253E-21  0.000000E+00  0.000000E+00
CCHOR_13           EQY  310.000 5.716752E-01  4.511700E-01  3.201692E-01  1.781841E-01  3.761455E-02  0.000000E+00  0.000000E+00
GLALD_14            CS  210.000 4.809436E-20  2.918143E-20  1.575135E-20  7.047006E-21  7.183713E-22  0.000000E+00  0.000000E+00
GLALD_14           EQY  210.000 1.000000E+00  1.000000E+00  1.000000E+00  1.000000E+00  1.000000E+00  0.000000E+00  0.000000E+00
GLALD_14            CS  230.000 4.809436E-20  2.918143E-20  1.575135E-20  7.047006E-21  7.183713E-22  0.000000E+00  0.000000E+00
GLALD_14           EQY  230.000 1.000000E+00  1.000000E+00  1.000000E+00  1.000000E+00  1.000000E+00  0.000000E+00  0.000000E+00
GLALD_14            CS  250.000 4.809436E-20  2.918143E-20  1.575135E-20  7.047006E-21  7.183713E-22  0.000000E+00  0.000000E+00
GLALD_14           EQY  250.000 1.000000E+00  1.000000E+00  1.000000E+00  1.000000E+00  1.000000E+00  0.000000E+00  0.000000E+00
GLALD_14            CS  270.000 4.809436E-20  2.918143E-20  1.575135E-20  7.047006E-21  7.183713E-22  0.000000E+00  0.000000E+00
GLALD_14           EQY  270.000 1.000000E+00  1.000000E+00  1.000000E+00  1.000000E+00  1.000000E+00  0.000000E+00  0.000000E+00
GLALD_14            CS  290.000 4.809436E-20  2.918143E-20  1.575135E-20  7.047006E-21  7.183713E-22  0.000000E+00  0.000000E+00
GLALD_14           EQY  290.000 1.000000E+00  1.000000E+00  1.000000E+00  1.000000E+00  1.000000E+00  0.000000E+00  0.000000E+00
GLALD_14            CS  310.000 4.809436E-20  2.918143E-20  1.575135E-20  7.047006E-21  7.183713E-22  0.000000E+00  0.000000E+00
GLALD_14           EQY  310.000 1.000000E+00  1.000000E+00  1.000000E+00  1.000000E+00  1.000000E+00  0.000000E+00  0.000000E+00
C2CHOabs            CS  210.000 5.545019E-20  4.634689E-20  3.579653E-20  2.441742E-20  5.836673E-21  1.248288E-23  0.000000E+00
C2CHOabs           EQY  210.000 1.000000E+00  1.000000E+00  1.000000E+00  1.000000E+00  1.000000E+00  1.000000E+00  0.000000E+00
C2CHOabs            CS  230.000 5.545019E-20  4.634689E-20  3.579653E-20  2.441742E-20  5.836673E-21  1.248288E-23  0.000000E+00
C2CHOabs           EQY  230.000 1.000000E+00  1.000000E+00  1.000000E+00  1.000000E+00  1.000000E+00  1.000000E+00  0.000000E+00
C2CHOabs            CS  250.000 5.545019E-20  4.634689E-20  3.579653E-20  2.441742E-20  5.836673E-21  1.248288E-23  0.000000E+00
C2CHOabs           EQY  250.000 1.000000E+00  1.000000E+00  1.000000E+00  1.000000E+00  1.000000E+00  1.000000E+00  0.000000E+00
C2CHOabs            CS  270.000 5.545019E-20  4.634689E-20  3.579653E-20  2.441742E-20  5.836673E-21  1.248288E-23  0.000000E+00
C2CHOabs           EQY  270.000 1.000000E+00  1.000000E+00  1.000000E+00  1.000000E+00  1.000000E+00  1.000000E+00  0.000000E+00
C2CHOabs            CS  290.000 5.545019E-20  4.634689E-20  3.579653E-20  2.441742E-20  5.836673E-21  1.248288E-23  0.000000E+00
C2CHOabs           EQY  290.000 1.000000E+00  1.000000E+00  1.000000E+00  1.000000E+00  1.000000E+00  1.000000E+00  0.000000E+00
C2CHOabs            CS  310.000 5.545019E-20  4.634689E-20  3.579653E-20  2.441742E-20  5.836673E-21  1.248288E-23  0.000000E+00
C2CHOabs           EQY  310.000 1.000000E+00  1.000000E+00  1.000000E+00  1.000000E+00  1.000000E+00  1.000000E+00  0.000000E+00
ACROL_16            CS  210.000 1.856128E-20  2.787986E-20  3.602616E-20  4.321518E-20  5.371941E-20  1.545866E-20  0.000000E+00
ACROL_16           EQY  210.000 7.387152E-02  4.617325E-02  3.175171E-02  2.239185E-02  9.471579E-03  2.281047E-03  0.000000E+00
ACROL_16            CS  230.000 1.856128E-20  2.787986E-20  3.602616E-20  4.321518E-20  5.371941E-20  1.545866E-20  0.000000E+00
ACROL_16           EQY  230.000 7.387152E-02  4.617325E-02  3.175171E-02  2.239185E-02  9.471579E-03  2.281047E-03  0.000000E+00
ACROL_16            CS  250.000 1.856128E-20  2.787986E-20  3.602616E-20  4.321518E-20  5.371941E-20  1.545866E-20  0.000000E+00
ACROL_16           EQY  250.000 7.387152E-02  4.617325E-02  3.175171E-02  2.239185E-02  9.471579E-03  2.281047E-03  0.000000E+00
ACROL_16            CS  270.000 1.856128E-20  2.787986E-20  3.602616E-20  4.321518E-20  5.371941E-20  1.545866E-20  0.000000E+00
ACROL_16           EQY  270.000 7.387152E-02  4.617325E-02  3.175171E-02  2.239185E-02  9.471579E-03  2.281047E-03  0.000000E+00
ACROL_16            CS  290.000 1.856128E-20  2.787986E-20  3.602616E-20  4.321518E-20  5.371941E-20  1.545866E-20  0.000000E+00
ACROL_16           EQY  290.000 7.387152E-02  4.617325E-02  3.175171E-02  2.239185E-02  9.471579E-03  2.281047E-03  0.000000E+00
ACROL_16            CS  310.000 1.856128E-20  2.787986E-20  3.602616E-20  4.321518E-20  5.371941E-20  1.545866E-20  0.000000E+00
ACROL_16           EQY  310.000 7.387152E-02  4.617325E-02  3.175171E-02  2.239185E-02  9.471579E-03  2.281047E-03  0.000000E+00
ACET_06             CS  210.000 3.093982E-20  1.932871E-20  1.074081E-20  5.401566E-21  4.431040E-22  8.028801E-25  0.000000E+00
ACET_06            EQY  210.000 3.078033E-01  9.119325E-02  1.255849E-02  1.979718E-03  4.580005E-05  2.815926E-03  0.000000E+00
ACET_06             CS  230.000 3.149499E-20  2.006286E-20  1.149978E-20  5.882838E-21  4.841855E-22  8.025006E-25  0.000000E+00
ACET_06            EQY  230.000 2.833035E-01  9.860657E-02  1.763791E-02  3.588362E-03  1.595251E-04  2.815926E-03  0.000000E+00
ACET_06             CS  250.000 3.221698E-20  2.085074E-20  1.224358E-20  6.367100E-21  5.569519E-22  8.040178E-25  0.000000E+00
ACET_06            EQY  250.000 2.809512E-01  1.160307E-01  2.647062E-02  6.960636E-03  6.743219E-04  2.815926E-03  0.000000E+00
ACET_06             CS  270.000 3.310749E-20  2.165984E-20  1.292394E-20  6.826211E-21  6.654463E-22  8.078511E-25  0.000000E+00
ACET_06            EQY  270.000 2.968808E-01  1.462965E-01  4.266421E-02  1.463851E-02  2.890122E-03  2.815926E-03  0.000000E+00
ACET_06             CS  290.000 3.416823E-20  2.245763E-20  1.349253E-20  7.232033E-21  8.137126E-22  8.144196E-25  0.000000E+00
ACET_06            EQY  290.000 3.304489E-01  1.933462E-01  7.158442E-02  3.118674E-02  1.028313E-02  2.815926E-03  0.000000E+00
ACET_06             CS  310.000 3.540092E-20  2.321163E-20  1.390108E-20  7.556429E-21  1.005795E-21  8.241424E-25  0.000000E+00
ACET_06            EQY  310.000 3.799048E-01  2.592952E-01  1.186578E-01  6.243775E-02  2.927807E-02  2.815926E-03  0.000000E+00
MEK_06              CS  210.000 4.166522E-20  2.686872E-20  1.573254E-20  7.723365E-21  8.066992E-22  1.609625E-25  0.000000E+00
MEK_06             EQY  210.000 1.000000E+00  1.000000E+00  1.000000E+00  1.000000E+00  1.000000E+00  1.000000E+00  0.000000E+00
MEK_06              CS  230.000 4.166522E-20  2.686872E-20  1.573254E-20  7.723365E-21  8.066992E-22  1.609625E-25  0.000000E+00
MEK_06             EQY  230.000 1.000000E+00  1.000000E+00  1.000000E+00  1.000000E+00  1.000000E+00  1.000000E+00  0.000000E+00
MEK_06              CS  250.000 4.166522E-20  2.686872E-20  1.573254E-20  7.723365E-21  8.066992E-22  1.609625E-25  0.000000E+00
MEK_06             EQY  250.000 1.000000E+00  1.000000E+00  1.000000E+00  1.000000E+00  1.000000E+00  1.000000E+00  0.000000E+00
MEK_06              CS  270.000 4.166522E-20  2.686872E-20  1.573254E-20  7.723365E-21  8.066992E-22  1.609625E-25  0.000000E+00
MEK_06             EQY  270.000 1.000000E+00  1.000000E+00  1.000000E+00  1.000000E+00  1.000000E+00  1.000000E+00  0.000000E+00
MEK_06              CS  290.000 4.166522E-20  2.686872E-20  1.573254E-20  7.723365E-21  8.066992E-22  1.609625E-25  0.000000E+00
MEK_06             EQY  290.000 1.000000E+00  1.000000E+00  1.000000E+00  1.000000E+00  1.000000E+00  1.000000E+00  0.000000E+00
MEK_06              CS  310.000 4.166522E-20  2.686872E-20  1.573254E-20  7.723365E-21  8.066992E-22  1.609625E-25  0.000000E+00
MEK_06             EQY  310.000 1.000000E+00  1.000000E+00  1.000000E+00  1.000000E+00  1.000000E+00  1.000000E+00  0.000000E+00
MACR_06             CS  210.000 2.639069E-20  3.936243E-20  4.989643E-20  5.926228E-20  6.528440E-20  1.326810E-20  0.000000E+00
MACR_06            EQY  210.000 4.845909E-02  3.034989E-02  2.098906E-02  1.472279E-02  6.294584E-03  1.553480E-03  0.000000E+00
MACR_06             CS  230.000 2.639069E-20  3.936243E-20  4.989643E-20  5.926228E-20  6.528440E-20  1.326810E-20  0.000000E+00
MACR_06            EQY  230.000 4.845909E-02  3.034989E-02  2.098906E-02  1.472279E-02  6.294584E-03  1.553480E-03  0.000000E+00
MACR_06             CS  250.000 2.639069E-20  3.936243E-20  4.989643E-20  5.926228E-20  6.528440E-20  1.326810E-20  0.000000E+00
MACR_06            EQY  250.000 4.845909E-02  3.034989E-02  2.098906E-02  1.472279E-02  6.294584E-03  1.553480E-03  0.000000E+00
MACR_06             CS  270.000 2.639069E-20  3.936243E-20  4.989643E-20  5.926228E-20  6.528440E-20  1.326810E-20  0.000000E+00
MACR_06            EQY  270.000 4.845909E-02  3.034989E-02  2.098906E-02  1.472279E-02  6.294584E-03  1.553480E-03  0.000000E+00
MACR_06             CS  290.000 2.639069E-20  3.936243E-20  4.989643E-20  5.926228E-20  6.528440E-20  1.326810E-20  0.000000E+00
MACR_06            EQY  290.000 4.845909E-02  3.034989E-02  2.098906E-02  1.472279E-02  6.294584E-03  1.553480E-03  0.000000E+00
MACR_06             CS  310.000 2.639069E-20  3.936243E-20  4.989643E-20  5.926228E-20  6.528440E-20  1.326810E-20  0.000000E+00
MACR_06            EQY  310.000 4.845909E-02  3.034989E-02  2.098906E-02  1.472279E-02  6.294584E-03  1.553480E-03  0.000000E+00
MVK_16              CS  210.000 3.041510E-20  4.373022E-20  5.436504E-20  6.318700E-20  6.828638E-20  1.444989E-20  0.000000E+00
MVK_16             EQY  210.000 7.404360E-02  4.621563E-02  3.187348E-02  2.230128E-02  9.557700E-03  2.435012E-03  0.000000E+00
MVK_16              CS  230.000 3.041510E-20  4.373022E-20  5.436504E-20  6.318700E-20  6.828638E-20  1.444989E-20  0.000000E+00
MVK_16             EQY  230.000 7.404360E-02  4.621563E-02  3.187348E-02  2.230128E-02  9.557700E-03  2.435012E-03  0.000000E+00
MVK_16              CS  250.000 3.041510E-20  4.373022E-20  5.436504E-20  6.318700E-20  6.828638E-20  1.444989E-20  0.000000E+00
MVK_16             EQY  250.000 7.404360E-02  4.621563E-02  3.187348E-02  2.230128E-02  9.557700E-03  2.435012E-03  0.000000E+00
MVK_16              CS  270.000 3.041510E-20  4.373022E-20  5.436504E-20  6.318700E-20  6.828638E-20  1.444989E-20  0.000000E+00
MVK_16             EQY  270.000 7.404360E-02  4.621563E-02  3.187348E-02  2.230128E-02  9.557700E-03  2.435012E-03  0.000000E+00
MVK_16              CS  290.000 3.041510E-20  4.373022E-20  5.436504E-20  6.318700E-20  6.828638E-20  1.444989E-20  0.000000E+00
MVK_16             EQY  290.000 7.404360E-02  4.621563E-02  3.187348E-02  2.230128E-02  9.557700E-03  2.435012E-03  0.000000E+00
MVK_16              CS  310.000 3.041510E-20  4.373022E-20  5.436504E-20  6.318700E-20  6.828638E-20  1.444989E-20  0.000000E+00
MVK_16             EQY  310.000 7.404360E-02  4.621563E-02  3.187348E-02  2.230128E-02  9.557700E-03  2.435012E-03  0.000000E+00
AFGS                CS  210.000 1.731773E-18  1.412652E-18  1.107261E-18  8.915003E-19  5.026284E-19  1.273166E-19  1.232364E-21
AFGS               EQY  210.000 2.200000E-01  2.200000E-01  2.200000E-01  2.200000E-01  2.200000E-01  2.200000E-01  2.200000E-01
AFGS                CS  230.000 1.731773E-18  1.412652E-18  1.107261E-18  8.915003E-19  5.026284E-19  1.273166E-19  1.232364E-21
AFGS               EQY  230.000 2.200000E-01  2.200000E-01  2.200000E-01  2.200000E-01  2.200000E-01  2.200000E-01  2.200000E-01
AFGS                CS  250.000 1.731773E-18  1.412652E-18  1.107261E-18  8.915003E-19  5.026284E-19  1.273166E-19  1.232364E-21
AFGS               EQY  250.000 2.200000E-01  2.200000E-01  2.200000E-01  2.200000E-01  2.200000E-01  2.200000E-01  2.200000E-01
AFGS                CS  270.000 1.731773E-18  1.412652E-18  1.107261E-18  8.915003E-19  5.026284E-19  1.273166E-19  1.232364E-21
AFGS               EQY  270.000 2.200000E-01  2.200000E-01  2.200000E-01  2.200000E-01  2.200000E-01  2.200000E-01  2.200000E-01
AFGS                CS  290.000 1.731773E-18  1.412652E-18  1.107261E-18  8.915003E-19  5.026284E-19  1.273166E-19  1.232364E-21
AFGS               EQY  290.000 2.200000E-01  2.200000E-01  2.200000E-01  2.200000E-01  2.200000E-01  2.200000E-01  2.200000E-01
AFGS                CS  310.000 1.731773E-18  1.412652E-18  1.107261E-18  8.915003E-19  5.026284E-19  1.273166E-19  1.232364E-21
AFGS               EQY  310.000 2.200000E-01  2.200000E-01  2.200000E-01  2.200000E-01  2.200000E-01  2.200000E-01  2.200000E-01
PAA                 CS  210.000 1.880973E-21  9.984294E-22  5.884834E-22  3.735140E-22  1.059114E-22  0.000000E+00  0.000000E+00
PAA                EQY  210.000 1.000000E+00  1.000000E+00  1.000000E+00  1.000000E+00  1.000000E+00  0.000000E+00  0.000000E+00
PAA                 CS  230.000 1.880973E-21  9.984294E-22  5.884834E-22  3.735140E-22  1.059114E-22  0.000000E+00  0.000000E+00
PAA                EQY  230.000 1.000000E+00  1.000000E+00  1.000000E+00  1.000000E+00  1.000000E+00  0.000000E+00  0.000000E+00
PAA                 CS  250.000 1.880973E-21  9.984294E-22  5.884834E-22  3.735140E-22  1.059114E-22  0.000000E+00  0.000000E+00
PAA                EQY  250.000 1.000000E+00  1.000000E+00  1.000000E+00  1.000000E+00  1.000000E+00  0.000000E+00  0.000000E+00
PAA                 CS  270.000 1.880973E-21  9.984294E-22  5.884834E-22  3.735140E-22  1.059114E-22  0.000000E+00  0.000000E+00
PAA                EQY  270.000 1.000000E+00  1.000000E+00  1.000000E+00  1.000000E+00  1.000000E+00  0.000000E+00  0.000000E+00
PAA                 CS  290.000 1.880973E-21  9.984294E-22  5.884834E-22  3.735140E-22  1.059114E-22  0.000000E+00  0.000000E+00
PAA                EQY  290.000 1.000000E+00  1.000000E+00  1.000000E+00  1.000000E+00  1.000000E+00  0.000000E+00  0.000000E+00
PAA                 CS  310.000 1.880973E-21  9.984294E-22  5.884834E-22  3.735140E-22  1.059114E-22  0.000000E+00  0.000000E+00
PAA                EQY  310.000 1.000000E+00  1.000000E+00  1.000000E+00  1.000000E+00  1.000000E+00  0.000000E+00  0.000000E+00
MGLY_13             CS  210.000 4.380715E-20  3.467518E-20  2.431083E-20  1.789264E-20  6.184115E-21  3.700484E-20  7.907445E-21
MGLY_13            EQY  210.000 9.615555E-01  9.359550E-01  9.066912E-01  8.706731E-01  7.586981E-01  1.554062E-01  4.384318E-02
MGLY_13             CS  230.000 4.380715E-20  3.467518E-20  2.431083E-20  1.789264E-20  6.184115E-21  3.700484E-20  7.907445E-21
MGLY_13            EQY  230.000 9.615555E-01  9.359550E-01  9.066912E-01  8.706731E-01  7.586981E-01  1.554062E-01  4.384318E-02
MGLY_13             CS  250.000 4.380715E-20  3.467518E-20  2.431083E-20  1.789264E-20  6.184115E-21  3.700484E-20  7.907445E-21
MGLY_13            EQY  250.000 9.615555E-01  9.359550E-01  9.066912E-01  8.706731E-01  7.586981E-01  1.554062E-01  4.384318E-02
MGLY_13             CS  270.000 4.380715E-20  3.467518E-20  2.431083E-20  1.789264E-20  6.184115E-21  3.700484E-20  7.907445E-21
MGLY_13            EQY  270.000 9.615555E-01  9.359550E-01  9.066912E-01  8.706731E-01  7.586981E-01  1.554062E-01  4.384318E-02
MGLY_13             CS  290.000 4.380715E-20  3.467518E-20  2.431083E-20  1.789264E-20  6.184115E-21  3.700484E-20  7.907445E-21
MGLY_13            EQY  290.000 9.615555E-01  9.359550E-01  9.066912E-01  8.706731E-01  7.586981E-01  1.554062E-01  4.384318E-02
MGLY_13             CS  310.000 4.380715E-20  3.467518E-20  2.431083E-20  1.789264E-20  6.184115E-21  3.700484E-20  7.907445E-21
MGLY_13            EQY  310.000 9.615555E-01  9.359550E-01  9.066912E-01  8.706731E-01  7.586981E-01  1.554062E-01  4.384318E-02
CRBNIT              CS  210.000 7.312158E-20  5.080550E-20  3.314004E-20  2.003539E-20  4.919823E-21  0.000000E+00  0.000000E+00
CRBNIT             EQY  210.000 1.000000E+00  1.000000E+00  1.000000E+00  1.000000E+00  1.000000E+00  0.000000E+00  0.000000E+00
CRBNIT              CS  230.000 7.312158E-20  5.080550E-20  3.314004E-20  2.003539E-20  4.919823E-21  0.000000E+00  0.000000E+00
CRBNIT             EQY  230.000 1.000000E+00  1.000000E+00  1.000000E+00  1.000000E+00  1.000000E+00  0.000000E+00  0.000000E+00
CRBNIT              CS  250.000 7.312158E-20  5.080550E-20  3.314004E-20  2.003539E-20  4.919823E-21  0.000000E+00  0.000000E+00
CRBNIT             EQY  250.000 1.000000E+00  1.000000E+00  1.000000E+00  1.000000E+00  1.000000E+00  0.000000E+00  0.000000E+00
CRBNIT              CS  270.000 7.312158E-20  5.080550E-20  3.314004E-20  2.003539E-20  4.919823E-21  0.000000E+00  0.000000E+00
CRBNIT             EQY  270.000 1.000000E+00  1.000000E+00  1.000000E+00  1.000000E+00  1.000000E+00  0.000000E+00  0.000000E+00
CRBNIT              CS  290.000 7.312158E-20  5.080550E-20  3.314004E-20  2.003539E-20  4.919823E-21  0.000000E+00  0.000000E+00
CRBNIT             EQY  290.000 1.000000E+00  1.000000E+00  1.000000E+00  1.000000E+00  1.000000E+00  0.000000E+00  0.000000E+00
CRBNIT              CS  310.000 7.312158E-20  5.080550E-20  3.314004E-20  2.003539E-20  4.919823E-21  0.000000E+00  0.000000E+00
CRBNIT             EQY  310.000 1.000000E+00  1.000000E+00  1.000000E+00  1.000000E+00  1.000000E+00  0.000000E+00  0.000000E+00
IC3ONO2             CS  210.000 9.514298E-21  4.530419E-21  2.204171E-21  1.039935E-21  1.393909E-22  0.000000E+00  0.000000E+00
IC3ONO2            EQY  210.000 1.000000E+00  1.000000E+00  1.000000E+00  1.000000E+00  1.000000E+00  0.000000E+00  0.000000E+00
IC3ONO2             CS  230.000 9.514298E-21  4.530419E-21  2.204171E-21  1.039935E-21  1.393909E-22  0.000000E+00  0.000000E+00
IC3ONO2            EQY  230.000 1.000000E+00  1.000000E+00  1.000000E+00  1.000000E+00  1.000000E+00  0.000000E+00  0.000000E+00
IC3ONO2             CS  250.000 9.980248E-21  4.802258E-21  2.361341E-21  1.133020E-21  1.558919E-22  0.000000E+00  0.000000E+00
IC3ONO2            EQY  250.000 1.000000E+00  1.000000E+00  1.000000E+00  1.000000E+00  1.000000E+00  0.000000E+00  0.000000E+00
IC3ONO2             CS  270.000 1.098172E-20  5.395850E-21  2.710103E-21  1.344930E-21  1.949851E-22  0.000000E+00  0.000000E+00
IC3ONO2            EQY  270.000 1.000000E+00  1.000000E+00  1.000000E+00  1.000000E+00  1.000000E+00  0.000000E+00  0.000000E+00
IC3ONO2             CS  290.000 1.208369E-20  6.062813E-21  3.110376E-21  1.596473E-21  2.438819E-22  0.000000E+00  0.000000E+00
IC3ONO2            EQY  290.000 1.000000E+00  1.000000E+00  1.000000E+00  1.000000E+00  1.000000E+00  0.000000E+00  0.000000E+00
IC3ONO2             CS  310.000 1.329624E-20  6.812218E-21  3.569767E-21  1.895064E-21  3.050405E-22  0.000000E+00  0.000000E+00
IC3ONO2            EQY  310.000 1.000000E+00  1.000000E+00  1.000000E+00  1.000000E+00  1.000000E+00  0.000000E+00  0.000000E+00
DIONO2              CS  210.000 1.829880E-20  1.049198E-20  6.402469E-21  4.056312E-21  1.355571E-21  0.000000E+00  0.000000E+00
DIONO2             EQY  210.000 1.000000E+00  1.000000E+00  1.000000E+00  1.000000E+00  1.000000E+00  0.000000E+00  0.000000E+00
DIONO2              CS  230.000 1.829880E-20  1.049198E-20  6.402469E-21  4.056312E-21  1.355571E-21  0.000000E+00  0.000000E+00
DIONO2             EQY  230.000 1.000000E+00  1.000000E+00  1.000000E+00  1.000000E+00  1.000000E+00  0.000000E+00  0.000000E+00
DIONO2              CS  250.000 1.829880E-20  1.049198E-20  6.402469E-21  4.056312E-21  1.355571E-21  0.000000E+00  0.000000E+00
DIONO2             EQY  250.000 1.000000E+00  1.000000E+00  1.000000E+00  1.000000E+00  1.000000E+00  0.000000E+00  0.000000E+00
DIONO2              CS  270.000 1.829880E-20  1.049198E-20  6.402469E-21  4.056312E-21  1.355571E-21  0.000000E+00  0.000000E+00
DIONO2             EQY  270.000 1.000000E+00  1.000000E+00  1.000000E+00  1.000000E+00  1.000000E+00  0.000000E+00  0.000000E+00
DIONO2              CS  290.000 1.829880E-20  1.049198E-20  6.402469E-21  4.056312E-21  1.355571E-21  0.000000E+00  0.000000E+00
DIONO2             EQY  290.000 1.000000E+00  1.000000E+00  1.000000E+00  1.000000E+00  1.000000E+00  0.000000E+00  0.000000E+00
DIONO2              CS  310.000 1.829880E-20  1.049198E-20  6.402469E-21  4.056312E-21  1.355571E-21  0.000000E+00  0.000000E+00
DIONO2             EQY  310.000 1.000000E+00  1.000000E+00  1.000000E+00  1.000000E+00  1.000000E+00  0.000000E+00  0.000000E+00
HPALDS              CS  210.000 2.639069E-20  3.936243E-20  4.989643E-20  5.926228E-20  6.528440E-20  1.326810E-20  0.000000E+00
HPALDS             EQY  210.000 1.000000E+00  1.000000E+00  1.000000E+00  1.000000E+00  1.000000E+00  1.000000E+00  0.000000E+00
HPALDS              CS  230.000 2.639069E-20  3.936243E-20  4.989643E-20  5.926228E-20  6.528440E-20  1.326810E-20  0.000000E+00
HPALDS             EQY  230.000 1.000000E+00  1.000000E+00  1.000000E+00  1.000000E+00  1.000000E+00  1.000000E+00  0.000000E+00
HPALDS              CS  250.000 2.639069E-20  3.936243E-20  4.989643E-20  5.926228E-20  6.528440E-20  1.326810E-20  0.000000E+00
HPALDS             EQY  250.000 1.000000E+00  1.000000E+00  1.000000E+00  1.000000E+00  1.000000E+00  1.000000E+00  0.000000E+00
HPALDS              CS  270.000 2.639069E-20  3.936243E-20  4.989643E-20  5.926228E-20  6.528440E-20  1.326810E-20  0.000000E+00
HPALDS             EQY  270.000 1.000000E+00  1.000000E+00  1.000000E+00  1.000000E+00  1.000000E+00  1.000000E+00  0.000000E+00
HPALDS              CS  290.000 2.639069E-20  3.936243E-20  4.989643E-20  5.926228E-20  6.528440E-20  1.326810E-20  0.000000E+00
HPALDS             EQY  290.000 1.000000E+00  1.000000E+00  1.000000E+00  1.000000E+00  1.000000E+00  1.000000E+00  0.000000E+00
HPALDS              CS  310.000 2.639069E-20  3.936243E-20  4.989643E-20  5.926228E-20  6.528440E-20  1.326810E-20  0.000000E+00
HPALDS             EQY  310.000 1.000000E+00  1.000000E+00  1.000000E+00  1.000000E+00  1.000000E+00  1.000000E+00  0.000000E+00
! Ozone Cross-Section for Stratospheric Opacity based on Table 4-5 in
! Chemical Kinetics and Photochemical Data for Use in Atmospheric
! Studies Evaluation Number 15. Sander et. al: NASA-JPL 2006 
NTEMP_STRAT =    6
!             QUANTITY   TEMP   WBIN(  1)     WBIN(  2)     WBIN(  3)     WBIN(  4)     WBIN(  5)     WBIN(  6)     WBIN(  7)
O3_STRAT            CS  180.000 6.113743E-19  2.263004E-19  8.354117E-20  3.417408E-20  3.688351E-21  4.086261E-23  1.663175E-21
O3_STRAT            CS  260.000 6.434133E-19  2.434104E-19  9.254548E-20  3.928807E-20  4.583227E-21  4.086261E-23  1.663175E-21
O3_STRAT            CS  300.000 6.685868E-19  2.568540E-19  9.962031E-20  4.330621E-20  5.286344E-21  4.086261E-23  1.663175E-21
O3_STRAT            CS  340.000 6.685868E-19  2.568540E-19  9.962031E-20  4.330621E-20  5.286344E-21  4.086261E-23  1.663175E-21
O3_STRAT            CS  380.000 6.685868E-19  2.568540E-19  9.962031E-20  4.330621E-20  5.286344E-21  4.086261E-23  1.663175E-21
O3_STRAT            CS  420.000 6.685868E-19  2.568540E-19  9.962031E-20  4.330621E-20  5.286344E-21  4.086261E-23  1.663175E-21
