ACROL_16         
! Values from SAPRC22 documentation (https://intra.engr.ucr.edu/~carter/SAPRC/22/); Table B-3 of S22supp.xls
! SAPRC22 values based on NASA 2015 recommendations
!
Points (the mechanism evaluated with this format)                                
! With FAC, units are (cm^2/molecule)                                            
FAC=1.0
282.0 8.40E-21 0.1484
284.0 9.70E-21 0.1329
286.0 1.08E-20 0.1191
288.0 1.23E-20 0.1067
290.0 1.46E-20 0.0956
292.0 1.62E-20 0.0856
294.0 1.80E-20 0.0767
296.0 1.97E-20 0.0687
298.0 2.18E-20 0.0616
300.0 2.47E-20 0.0551
302.0 2.70E-20 0.0494
304.0 2.85E-20 0.0443
306.0 3.09E-20 0.0396
308.0 3.29E-20 0.0355
310.0 3.59E-20 0.0318
312.0 3.92E-20 0.0285
314.0 4.15E-20 0.0255
316.0 4.21E-20 0.0229
318.0 4.47E-20 0.0205
320.0 4.65E-20 0.0184
322.0 5.08E-20 0.0164
324.0 5.17E-20 0.0147
326.0 5.34E-20 0.0132
328.0 5.20E-20 0.0118
330.0 5.31E-20 0.0106
332.0 5.44E-20 0.0095
334.0 5.80E-20 0.0085
336.0 6.24E-20 0.0076
338.0 5.46E-20 0.0068
340.0 5.31E-20 0.0061
342.0 5.10E-20 0.0055
344.0 5.12E-20 0.0049
346.0 5.30E-20 0.0044
348.0 5.17E-20 0.0039
350.0 5.94E-20 0.0035
352.0 5.79E-20 0.0032
354.0 4.18E-20 0.0028
356.0 3.63E-20 0.0025
358.0 3.28E-20 0.0023
360.0 3.92E-20 0.0020
362.0 3.72E-20 0.0018
364.0 2.86E-20 0.0016
366.0 3.74E-20 0.0015
368.0 3.82E-20 0.0013
370.0 2.17E-20 0.0012
372.0 1.58E-20 0.0011
374.0 1.14E-20 0.0009
376.0 1.14E-20 0.0008
378.0 1.24E-20 0.0008
380.0 1.10E-20 0.0007
382.0 8.40E-21 0.0006
384.0 7.90E-21 0.0005
386.0 1.18E-20 0.0005
388.0 4.90E-21 0.0004
390.0 2.50E-21 0.0004
393.0 0.00E+00 0.0003
