AFGS            
! Photolysis of lumped photoreactive aromatic unsaturated dicarbonyl product.    
! Values from SAPRC22 documentation (https://intra.engr.ucr.edu/~carter/SAPRC/22/); Table B-3 of S22supp.xls
! SAPRC22 values based on Calvert et al., 2002 recommendations
!                                                                                
Points (the mechanism evaluated with this format)                                
! With FAC, units are (cm^2/molecule)                                            
FAC=1.0
290.0 1.82E-18 0.2200
295.0 1.74E-18 0.2200
300.0 1.56E-18 0.2200
305.0 1.33E-18 0.2200
310.0 1.10E-18 0.2200
315.0 9.30E-19 0.2200
320.0 7.89E-19 0.2200
325.0 6.52E-19 0.2200
330.0 5.41E-19 0.2200
335.0 4.58E-19 0.2200
340.0 3.78E-19 0.2200
345.0 3.27E-19 0.2200
350.0 2.76E-19 0.2200
355.0 2.44E-19 0.2200
360.0 2.09E-19 0.2200
365.0 1.85E-19 0.2200
370.0 1.55E-19 0.2200
375.0 1.41E-19 0.2200
380.0 1.20E-19 0.2200
385.0 1.02E-19 0.2200
390.0 9.03E-20 0.2200
395.0 7.76E-20 0.2200
400.0 6.05E-20 0.2200
405.0 6.09E-20 0.2200
410.0 4.31E-20 0.2200
415.0 3.13E-20 0.2200
420.0 3.01E-20 0.2200
425.0 2.44E-20 0.2200
430.0 1.89E-20 0.2200
435.0 1.44E-20 0.2200
440.0 8.21E-21 0.2200
445.0 4.33E-21 0.2200
450.0 2.74E-21 0.2200
455.0 1.83E-21 0.2200
460.0 9.13E-22 0.2200
465.0 4.56E-22 0.2200
470.0 0.00E+00 0.2200
