BACL_11         
! CH3COCOCH3 + HV = 2 CH3CO.                                                     
! Values from SAPRC22 documentation (https://intra.engr.ucr.edu/~carter/SAPRC/22/); Table B-3 of S22supp.xls
! SAPRC22 values based on IUPAC 2019 recommendations
! IUPAC Subcommittee on Gas Kinetic Data Evaluation
! Website: http://www.iupac-kinetic.ch.cam.ac.uk/.
!
Points (the mechanism evaluated with this format)                                
! With FAC, units are (cm^2/molecule)                                            
FAC=1.0
280.0 4.71E-20 0.9957
282.5 4.58E-20 0.9948
285.0 4.14E-20 0.9938
287.5 3.70E-20 0.9927
290.0 3.38E-20 0.9913
292.5 3.16E-20 0.9898
295.0 2.73E-20 0.9880
297.5 2.20E-20 0.9859
300.0 1.77E-20 0.9836
302.5 1.50E-20 0.9809
305.0 1.32E-20 0.9778
307.5 1.16E-20 0.9743
310.0 8.20E-21 0.9703
312.5 5.80E-21 0.9658
315.0 4.40E-21 0.9607
317.5 3.70E-21 0.9550
320.0 3.30E-21 0.9487
322.5 3.10E-21 0.9416
325.0 2.30E-21 0.9338
327.5 1.95E-21 0.9251
330.0 2.00E-21 0.9155
332.5 2.05E-21 0.9050
335.0 2.30E-21 0.8936
337.5 2.70E-21 0.8811
340.0 3.00E-21 0.8677
342.5 3.60E-21 0.8531
345.0 4.10E-21 0.8375
347.5 4.85E-21 0.8209
350.0 5.70E-21 0.8032
352.5 6.65E-21 0.7845
355.0 7.70E-21 0.7649
357.5 8.90E-21 0.7443
360.0 1.02E-20 0.7229
362.5 1.23E-20 0.7008
365.0 1.41E-20 0.6780
367.5 1.62E-20 0.6546
370.0 1.85E-20 0.6308
372.5 2.06E-20 0.6067
375.0 2.25E-20 0.5823
377.5 2.46E-20 0.5579
380.0 2.68E-20 0.5336
382.5 3.00E-20 0.5094
385.0 3.39E-20 0.4756
387.5 3.75E-20 0.4325
390.0 4.17E-20 0.3938
392.5 4.52E-20 0.3590
395.0 4.67E-20 0.3277
397.5 4.87E-20 0.2994
400.0 5.12E-20 0.2739
402.5 5.32E-20 0.2508
405.0 5.75E-20 0.2299
407.5 6.37E-20 0.2110
410.0 6.69E-20 0.1939
412.5 7.04E-20 0.1783
415.0 7.47E-20 0.1641
417.5 7.57E-20 0.1513
420.0 7.37E-20 0.1395
422.5 7.25E-20 0.1288
425.0 6.98E-20 0.1190
427.5 6.50E-20 0.1101
430.0 6.31E-20 0.1019
432.5 6.71E-20 0.0945
435.0 6.72E-20 0.0876
437.5 6.41E-20 0.0813
440.0 6.51E-20 0.0756
442.5 7.11E-20 0.0703
445.0 6.49E-20 0.0654
447.5 5.22E-20 0.0609
450.0 4.06E-20 0.0568
452.5 2.93E-20 0.0529
455.0 1.72E-20 0.0494
457.5 9.95E-21 0.0462
460.0 5.50E-21 0.0432
462.5 3.20E-21 0.0404
465.0 1.80E-21 0.0378
467.5 1.10E-21 0.0354
470.0 7.00E-22 0.0332
472.5 0.00E+00 0.0312
