BALD_11         
! Values from SAPRC22 documentation (https://intra.engr.ucr.edu/~carter/SAPRC/22/); Table B-3 of S22supp.xls
! SAPRC22 values based on Calvert et al, 2011 recommendations
!                                                                                
Points (the mechanism evaluated with this format)                                
! With FAC, units are (cm^2/molecule)                                            
FAC=1.0
276.0 2.06E-18 0.0900
277.0 2.28E-18 0.0900
278.0 2.20E-18 0.0900
279.0 1.70E-18 0.0900
280.0 1.72E-18 0.0900
281.0 2.10E-18 0.0900
282.0 1.64E-18 0.0900
283.0 1.74E-18 0.0900
284.0 2.40E-18 0.0900
285.0 1.54E-18 0.0900
286.0 8.40E-19 0.0900
287.0 5.60E-19 0.0900
288.0 3.70E-19 0.0900
289.0 2.40E-19 0.0900
290.0 1.50E-19 0.0900
291.0 1.20E-19 0.0900
292.0 1.00E-19 0.0900
293.0 8.70E-20 0.0900
294.0 6.50E-20 0.0900
295.0 5.90E-20 0.0900
296.0 5.30E-20 0.0900
297.0 4.90E-20 0.0900
298.0 4.70E-20 0.0900
299.0 4.70E-20 0.0900
300.0 4.70E-20 0.0900
301.0 4.90E-20 0.0900
302.0 5.10E-20 0.0900
303.0 5.50E-20 0.0900
304.0 5.80E-20 0.0900
305.0 6.00E-20 0.0900
306.0 5.80E-20 0.0900
307.0 5.30E-20 0.0900
308.0 5.10E-20 0.0900
309.0 4.90E-20 0.0900
310.0 5.10E-20 0.0900
311.0 5.60E-20 0.0900
312.0 6.00E-20 0.0900
313.0 6.60E-20 0.0900
314.0 6.90E-20 0.0900
315.0 7.10E-20 0.0900
316.0 6.80E-20 0.0900
317.0 6.30E-20 0.0900
318.0 6.20E-20 0.0900
319.0 5.80E-20 0.0900
320.0 5.80E-20 0.0900
321.0 6.30E-20 0.0900
322.0 6.70E-20 0.0900
323.0 7.20E-20 0.0900
324.0 6.90E-20 0.0900
325.0 7.00E-20 0.0900
326.0 7.20E-20 0.0900
327.0 8.20E-20 0.0900
328.0 7.40E-20 0.0900
329.0 6.70E-20 0.0900
330.0 6.10E-20 0.0900
331.0 5.80E-20 0.0900
332.0 6.20E-20 0.0900
333.0 6.20E-20 0.0900
334.0 7.50E-20 0.0900
335.0 7.50E-20 0.0900
336.0 7.80E-20 0.0900
337.0 7.20E-20 0.0900
338.0 5.80E-20 0.0900
339.0 5.80E-20 0.0900
340.0 5.60E-20 0.0900
341.0 5.60E-20 0.0900
342.0 4.60E-20 0.0900
343.0 4.10E-20 0.0900
344.0 4.10E-20 0.0900
345.0 3.70E-20 0.0900
346.0 4.50E-20 0.0900
347.0 5.20E-20 0.0900
348.0 5.40E-20 0.0900
349.0 7.10E-20 0.0900
350.0 6.50E-20 0.0900
351.0 5.20E-20 0.0900
352.0 4.60E-20 0.0900
353.0 3.40E-20 0.0900
354.0 2.90E-20 0.0900
355.0 3.10E-20 0.0900
356.0 3.00E-20 0.0900
357.0 3.00E-20 0.0900
358.0 2.20E-20 0.0900
359.0 1.90E-20 0.0900
360.0 2.40E-20 0.0900
361.0 2.30E-20 0.0900
362.0 2.30E-20 0.0900
363.0 2.60E-20 0.0900
364.0 2.30E-20 0.0900
365.0 2.40E-20 0.0900
366.0 3.10E-20 0.0900
367.0 1.60E-20 0.0900
368.0 1.60E-20 0.0900
375.0 0.00E+00 0.0900
