C2CHOabs           
! Values from SAPRC22 documentation (https://intra.engr.ucr.edu/~carter/SAPRC/22/); Table B-3 of S22supp.xls
! SAPRC22 values based on IUPAC 2022 recommendations
! IUPAC Subcommittee on Gas Kinetic Data Evaluation
! Website: http://www.iupac-kinetic.ch.cam.ac.uk/.
!
Points (the mechanism evaluated with this format)                                
! With FAC, units are (cm^2/molecule)                                            
FAC=1.0
280.0 5.16E-20 1.0000
281.0 5.21E-20 1.0000
282.0 5.35E-20 1.0000
283.0 5.57E-20 1.0000
284.0 5.78E-20 1.0000
285.0 5.86E-20 1.0000
286.0 5.82E-20 1.0000
287.0 5.72E-20 1.0000
288.0 5.59E-20 1.0000
289.0 5.52E-20 1.0000
290.0 5.56E-20 1.0000
291.0 5.68E-20 1.0000
292.0 5.81E-20 1.0000
293.0 5.88E-20 1.0000
294.0 5.80E-20 1.0000
295.0 5.57E-20 1.0000
296.0 5.37E-20 1.0000
297.0 5.16E-20 1.0000
298.0 5.02E-20 1.0000
299.0 5.02E-20 1.0000
300.0 5.04E-20 1.0000
301.0 5.09E-20 1.0000
302.0 5.07E-20 1.0000
303.0 4.94E-20 1.0000
304.0 4.69E-20 1.0000
305.0 4.32E-20 1.0000
306.0 4.04E-20 1.0000
307.0 3.81E-20 1.0000
308.0 3.65E-20 1.0000
309.0 3.62E-20 1.0000
310.0 3.60E-20 1.0000
311.0 3.53E-20 1.0000
312.0 3.50E-20 1.0000
313.0 3.32E-20 1.0000
314.0 3.06E-20 1.0000
315.0 2.77E-20 1.0000
316.0 2.43E-20 1.0000
317.0 2.18E-20 1.0000
318.0 2.00E-20 1.0000
319.0 1.86E-20 1.0000
320.0 1.83E-20 1.0000
321.0 1.78E-20 1.0000
322.0 1.66E-20 1.0000
323.0 1.58E-20 1.0000
324.0 1.49E-20 1.0000
325.0 1.30E-20 1.0000
326.0 1.13E-20 1.0000
327.0 9.96E-21 1.0000
328.0 8.28E-21 1.0000
329.0 6.85E-21 1.0000
330.0 5.75E-21 1.0000
331.0 4.94E-21 1.0000
332.0 4.66E-21 1.0000
333.0 4.30E-21 1.0000
334.0 3.73E-21 1.0000
335.0 3.25E-21 1.0000
336.0 2.80E-21 1.0000
337.0 2.30E-21 1.0000
338.0 1.85E-21 1.0000
339.0 1.66E-21 1.0000
340.0 1.55E-21 1.0000
341.0 1.19E-21 1.0000
342.0 7.60E-22 1.0000
343.0 4.50E-22 1.0000
344.0 3.10E-22 1.0000
345.0 2.50E-22 1.0000
346.0 1.90E-22 1.0000
347.0 1.60E-22 1.0000
348.0 1.40E-22 1.0000
349.0 1.30E-22 1.0000
350.0 1.00E-22 1.0000
351.0 8.00E-23 1.0000
352.0 7.00E-23 1.0000
353.0 5.00E-23 1.0000
354.0 4.00E-23 1.0000
355.0 2.00E-23 1.0000
356.0 1.00E-23 1.0000
357.0 1.00E-23 1.0000
358.0 0.00E+00 1.0000
