CCHOR_13          
! CCHO + HV = CH3 + CHO                                                          
! Values from SAPRC22 documentation (https://intra.engr.ucr.edu/~carter/SAPRC/22/); Table B-3 of S22supp.xls
! SAPRC22 values based on IUPAC 2022 recommendations
! IUPAC Subcommittee on Gas Kinetic Data Evaluation
! Website: http://www.iupac-kinetic.ch.cam.ac.uk/.
!
Points (the mechanism evaluated with this format)                                
! With FAC, units are (cm^2/molecule)                                            
FAC=1.0
258.0 1.99E-20 0.4200
262.0 2.44E-20 0.4320
266.0 3.05E-20 0.4620
270.0 3.42E-20 0.5100
274.0 4.03E-20 0.5820
278.0 4.19E-20 0.6480
280.0 4.50E-20 0.6800
281.0 4.69E-20 0.6760
282.0 4.72E-20 0.6720
283.0 4.75E-20 0.6680
284.0 4.61E-20 0.6640
285.0 4.49E-20 0.6600
286.0 4.44E-20 0.6520
287.0 4.59E-20 0.6440
288.0 4.72E-20 0.6360
289.0 4.77E-20 0.6280
290.0 4.89E-20 0.6200
291.0 4.78E-20 0.6100
292.0 4.68E-20 0.6000
293.0 4.53E-20 0.5900
294.0 4.33E-20 0.5800
295.0 4.27E-20 0.5700
296.0 4.24E-20 0.5560
297.0 4.38E-20 0.5420
298.0 4.41E-20 0.5280
299.0 4.26E-20 0.5140
300.0 4.16E-20 0.5000
301.0 3.99E-20 0.4840
302.0 3.86E-20 0.4680
303.0 3.72E-20 0.4520
304.0 3.48E-20 0.4360
305.0 3.42E-20 0.4200
306.0 3.42E-20 0.4000
307.0 3.36E-20 0.3800
308.0 3.33E-20 0.3600
309.0 3.14E-20 0.3400
310.0 2.93E-20 0.3200
311.0 2.76E-20 0.2960
312.0 2.53E-20 0.2720
313.0 2.47E-20 0.2480
314.0 2.44E-20 0.2240
315.0 2.20E-20 0.2000
316.0 2.04E-20 0.1800
317.0 2.07E-20 0.1600
318.0 1.98E-20 0.1400
319.0 1.87E-20 0.1200
320.0 1.72E-20 0.1000
321.0 1.48E-20 0.0800
322.0 1.40E-20 0.0700
323.0 1.24E-20 0.0600
324.0 1.09E-20 0.0500
325.0 1.14E-20 0.0400
326.0 1.07E-20 0.0340
327.0 8.58E-21 0.0280
328.0 7.47E-21 0.0220
329.0 7.07E-21 0.0160
330.0 6.88E-21 0.0100
331.0 5.88E-21 0.0080
332.0 5.30E-21 0.0060
333.0 3.98E-21 0.0040
334.0 3.63E-21 0.0020
335.0 3.50E-21 0.0000
