GLALD_14
! HOCH2CHO + hv ---> products		
! Values from SAPRC22 documentation (https://intra.engr.ucr.edu/~carter/SAPRC/22/); Table B-3 of S22supp.xls
! SAPRC22 values based on NASA 2015 recommendations
!
Points (the mechanism evaluated with this format)                                		
! With FAC, units are (cm^2/molecule)
FAC=1.0
208.0 2.06E-19 1.0000
210.0 1.31E-19 1.0000
212.0 8.15E-20 1.0000
214.0 4.93E-20 1.0000
216.0 2.94E-20 1.0000
218.0 1.72E-20 1.0000
220.0 1.00E-20 1.0000
222.0 6.40E-21 1.0000
224.0 4.50E-21 1.0000
226.0 3.90E-21 1.0000
228.0 4.20E-21 1.0000
230.0 5.30E-21 1.0000
232.0 6.30E-21 1.0000
234.0 7.90E-21 1.0000
236.0 9.70E-21 1.0000
238.0 1.15E-20 1.0000
240.0 1.39E-20 1.0000
242.0 1.63E-20 1.0000
244.0 1.77E-20 1.0000
246.0 2.25E-20 1.0000
248.0 2.57E-20 1.0000
250.0 2.94E-20 1.0000
252.0 3.37E-20 1.0000
254.0 3.76E-20 1.0000
256.0 4.15E-20 1.0000
258.0 4.61E-20 1.0000
260.0 5.03E-20 1.0000
262.0 5.33E-20 1.0000
264.0 5.68E-20 1.0000
266.0 6.10E-20 1.0000
268.0 6.35E-20 1.0000
270.0 6.49E-20 1.0000
272.0 6.74E-20 1.0000
274.0 6.98E-20 1.0000
276.0 6.98E-20 1.0000
278.0 6.93E-20 1.0000
280.0 6.91E-20 1.0000
282.0 6.92E-20 1.0000
284.0 6.60E-20 1.0000
286.0 6.38E-20 1.0000
288.0 6.09E-20 1.0000
290.0 5.88E-20 1.0000
292.0 5.43E-20 1.0000
294.0 4.87E-20 1.0000
296.0 4.50E-20 1.0000
298.0 4.10E-20 1.0000
300.0 3.74E-20 1.0000
302.0 3.19E-20 1.0000
304.0 2.65E-20 1.0000
306.0 2.26E-20 1.0000
308.0 1.88E-20 1.0000
310.0 1.57E-20 1.0000
312.0 1.28E-20 1.0000
314.0 9.40E-21 1.0000
316.0 7.00E-21 1.0000
318.0 5.30E-21 1.0000
320.0 4.00E-21 1.0000
322.0 3.10E-21 1.0000
324.0 2.10E-21 1.0000
326.0 1.40E-21 1.0000
328.0 1.00E-21 1.0000
330.0 7.00E-22 1.0000
332.0 4.00E-22 1.0000
335.0 0.00E+00 1.0000
