GLY_I13M
!GLY = HCHO + CO                                                
! Values from SAPRC22 documentation (https://intra.engr.ucr.edu/~carter/SAPRC/22/); Table B-3 of S22supp.xls
! SAPRC22 values based on IUPAC 2019 recommendations
! IUPAC Subcommittee on Gas Kinetic Data Evaluation
! Website: http://www.iupac-kinetic.ch.cam.ac.uk/.
!
Points (the mechanism evaluated with this format)
! With FAC, units are (cm^2/molecule)
FAC=1.0
250.0 1.73E-20 0.1020
251.0 1.52E-20 0.1068
252.0 1.48E-20 0.1116
253.0 1.55E-20 0.1164
254.0 1.60E-20 0.1212
255.0 1.67E-20 0.1260
256.0 1.62E-20 0.1322
257.0 1.81E-20 0.1384
258.0 1.82E-20 0.1446
259.0 1.85E-20 0.1508
260.0 1.83E-20 0.1570
261.0 1.96E-20 0.1650
262.0 2.03E-20 0.1730
263.0 2.14E-20 0.1810
264.0 2.18E-20 0.1890
265.0 2.26E-20 0.1970
266.0 2.33E-20 0.2066
267.0 2.37E-20 0.2161
268.0 2.36E-20 0.2257
269.0 2.48E-20 0.2352
270.0 2.51E-20 0.2448
271.0 2.61E-20 0.2551
272.0 2.72E-20 0.2655
273.0 2.81E-20 0.2759
274.0 2.92E-20 0.2863
275.0 3.00E-20 0.2967
276.0 3.06E-20 0.3072
277.0 3.09E-20 0.3178
278.0 3.08E-20 0.3283
279.0 3.09E-20 0.3388
280.0 3.14E-20 0.3493
281.0 3.22E-20 0.3586
282.0 3.32E-20 0.3679
283.0 3.46E-20 0.3772
284.0 3.57E-20 0.3865
285.0 3.67E-20 0.3958
286.0 3.80E-20 0.4032
287.0 3.79E-20 0.4106
288.0 3.81E-20 0.4180
289.0 3.80E-20 0.4254
290.0 3.73E-20 0.4328
291.0 3.64E-20 0.4373
292.0 3.65E-20 0.4418
293.0 3.68E-20 0.4463
294.0 3.73E-20 0.4508
295.0 3.81E-20 0.4553
296.0 3.82E-20 0.4572
297.0 3.92E-20 0.4591
298.0 4.07E-20 0.4610
299.0 4.12E-20 0.4629
300.0 4.05E-20 0.4648
301.0 3.91E-20 0.4637
302.0 3.78E-20 0.4625
303.0 3.57E-20 0.4614
304.0 3.35E-20 0.4602
305.0 3.24E-20 0.4591
306.0 3.22E-20 0.4552
307.0 3.20E-20 0.4513
308.0 3.15E-20 0.4474
309.0 3.12E-20 0.4436
310.0 3.10E-20 0.4397
311.0 3.22E-20 0.4330
312.0 3.34E-20 0.4263
313.0 3.39E-20 0.4196
314.0 3.23E-20 0.4130
315.0 2.81E-20 0.4064
316.0 2.65E-20 0.3975
317.0 2.46E-20 0.3888
318.0 2.21E-20 0.3800
319.0 1.93E-20 0.3713
320.0 1.85E-20 0.3627
321.0 1.89E-20 0.3523
322.0 1.77E-20 0.3421
323.0 1.72E-20 0.3319
324.0 1.68E-20 0.3218
325.0 1.60E-20 0.3117
326.0 1.61E-20 0.3006
327.0 1.70E-20 0.2897
328.0 1.94E-20 0.2788
329.0 1.86E-20 0.2681
330.0 1.69E-20 0.2574
331.0 1.13E-20 0.2463
332.0 1.05E-20 0.2353
333.0 9.66E-21 0.2245
334.0 9.19E-21 0.2138
335.0 7.37E-21 0.2032
336.0 6.30E-21 0.1929
337.0 5.89E-21 0.1828
338.0 6.47E-21 0.1728
339.0 5.85E-21 0.1630
340.0 5.53E-21 0.1534
341.0 5.63E-21 0.1446
342.0 5.10E-21 0.1361
343.0 4.99E-21 0.1277
344.0 6.49E-21 0.1194
345.0 6.24E-21 0.1114
346.0 7.33E-21 0.1044
347.0 6.31E-21 0.0975
348.0 6.04E-21 0.0908
349.0 4.15E-21 0.0843
350.0 3.91E-21 0.0779
351.0 3.95E-21 0.0724
352.0 4.23E-21 0.0671
353.0 4.15E-21 0.0619
354.0 4.03E-21 0.0569
355.0 4.22E-21 0.0521
356.0 4.43E-21 0.0482
357.0 4.31E-21 0.0444
358.0 4.71E-21 0.0408
359.0 5.03E-21 0.0372
360.0 5.46E-21 0.0338
361.0 6.27E-21 0.0312
362.0 7.06E-21 0.0287
363.0 6.39E-21 0.0262
364.0 6.80E-21 0.0239
365.0 6.65E-21 0.0216
366.0 7.43E-21 0.0198
367.0 8.60E-21 0.0180
368.0 1.01E-20 0.0163
369.0 1.06E-20 0.0147
370.0 1.14E-20 0.0131
371.0 1.19E-20 0.0120
372.0 1.14E-20 0.0109
373.0 1.21E-20 0.0098
374.0 1.35E-20 0.0088
375.0 1.33E-20 0.0079
376.0 1.38E-20 0.0072
377.0 1.47E-20 0.0066
378.0 1.61E-20 0.0059
379.0 1.53E-20 0.0054
380.0 1.93E-20 0.0048
381.0 2.46E-20 0.0043
382.0 2.02E-20 0.0039
383.0 2.07E-20 0.0035
384.0 1.94E-20 0.0031
385.0 1.89E-20 0.0027
386.0 1.84E-20 0.0025
387.0 2.29E-20 0.0023
388.0 3.00E-20 0.0020
389.0 3.21E-20 0.0018
390.0 3.48E-20 0.0016
391.0 3.92E-20 0.0015
392.0 3.80E-20 0.0014
393.0 2.85E-20 0.0012
394.0 3.15E-20 0.0011
395.0 3.86E-20 0.0010
396.0 3.68E-20 0.0009
397.0 3.36E-20 0.0008
398.0 4.32E-20 0.0007
399.0 4.35E-20 0.0006
400.0 3.87E-20 0.0005
401.0 4.46E-20 0.0005
