GLY_I13R
!GLY = 2 HO2 + 2 CO                                                
! Values from SAPRC22 documentation (https://intra.engr.ucr.edu/~carter/SAPRC/22/); Table B-3 of S22supp.xls
! SAPRC22 values based on IUPAC 2019 recommendations
! IUPAC Subcommittee on Gas Kinetic Data Evaluation
! Website: http://www.iupac-kinetic.ch.cam.ac.uk/.
!
Points (the mechanism evaluated with this format)
! With FAC, units are (cm^2/molecule)
FAC=1.0
250.0 1.73E-20 0.8980
251.0 1.52E-20 0.8932
252.0 1.48E-20 0.8884
253.0 1.55E-20 0.8836
254.0 1.60E-20 0.8788
255.0 1.67E-20 0.8740
256.0 1.62E-20 0.8678
257.0 1.81E-20 0.8616
258.0 1.82E-20 0.8554
259.0 1.85E-20 0.8492
260.0 1.83E-20 0.8430
261.0 1.96E-20 0.8352
262.0 2.03E-20 0.8274
263.0 2.14E-20 0.8196
264.0 2.18E-20 0.8118
265.0 2.26E-20 0.8040
266.0 2.33E-20 0.7940
267.0 2.37E-20 0.7841
268.0 2.36E-20 0.7741
269.0 2.48E-20 0.7642
270.0 2.51E-20 0.7542
271.0 2.61E-20 0.7439
272.0 2.72E-20 0.7335
273.0 2.81E-20 0.7231
274.0 2.92E-20 0.7127
275.0 3.00E-20 0.7023
276.0 3.06E-20 0.6918
277.0 3.09E-20 0.6812
278.0 3.08E-20 0.6707
279.0 3.09E-20 0.6602
280.0 3.14E-20 0.6497
281.0 3.22E-20 0.6402
282.0 3.32E-20 0.6307
283.0 3.46E-20 0.6212
284.0 3.57E-20 0.6117
285.0 3.67E-20 0.6022
286.0 3.80E-20 0.5944
287.0 3.79E-20 0.5866
288.0 3.81E-20 0.5788
289.0 3.80E-20 0.5710
290.0 3.73E-20 0.5632
291.0 3.64E-20 0.5579
292.0 3.65E-20 0.5526
293.0 3.68E-20 0.5473
294.0 3.73E-20 0.5420
295.0 3.81E-20 0.5367
296.0 3.82E-20 0.5340
297.0 3.92E-20 0.5313
298.0 4.07E-20 0.5286
299.0 4.12E-20 0.5259
300.0 4.05E-20 0.5232
301.0 3.91E-20 0.5233
302.0 3.78E-20 0.5235
303.0 3.57E-20 0.5236
304.0 3.35E-20 0.5238
305.0 3.24E-20 0.5239
306.0 3.22E-20 0.5264
307.0 3.20E-20 0.5289
308.0 3.15E-20 0.5314
309.0 3.12E-20 0.5338
310.0 3.10E-20 0.5363
311.0 3.22E-20 0.5404
312.0 3.34E-20 0.5445
313.0 3.39E-20 0.5485
314.0 3.23E-20 0.5526
315.0 2.81E-20 0.5566
316.0 2.65E-20 0.5623
317.0 2.46E-20 0.5678
318.0 2.21E-20 0.5734
319.0 1.93E-20 0.5789
320.0 1.85E-20 0.5843
321.0 1.89E-20 0.5903
322.0 1.77E-20 0.5961
323.0 1.72E-20 0.6019
324.0 1.68E-20 0.6076
325.0 1.60E-20 0.6133
326.0 1.61E-20 0.6189
327.0 1.70E-20 0.6245
328.0 1.94E-20 0.6299
329.0 1.86E-20 0.6352
330.0 1.69E-20 0.6405
331.0 1.13E-20 0.6440
332.0 1.05E-20 0.6475
333.0 9.66E-21 0.6508
334.0 9.19E-21 0.6539
335.0 7.37E-21 0.6569
336.0 6.30E-21 0.6584
337.0 5.89E-21 0.6597
338.0 6.47E-21 0.6609
339.0 5.85E-21 0.6618
340.0 5.53E-21 0.6626
341.0 5.63E-21 0.6608
342.0 5.10E-21 0.6587
343.0 4.99E-21 0.6565
344.0 6.49E-21 0.6542
345.0 6.24E-21 0.6516
346.0 7.33E-21 0.6464
347.0 6.31E-21 0.6411
348.0 6.04E-21 0.6356
349.0 4.15E-21 0.6299
350.0 3.91E-21 0.6241
351.0 3.95E-21 0.6162
352.0 4.23E-21 0.6081
353.0 4.15E-21 0.5999
354.0 4.03E-21 0.5915
355.0 4.22E-21 0.5829
356.0 4.43E-21 0.5726
357.0 4.31E-21 0.5622
358.0 4.71E-21 0.5516
359.0 5.03E-21 0.5410
360.0 5.46E-21 0.5302
361.0 6.27E-21 0.5184
362.0 7.06E-21 0.5065
363.0 6.39E-21 0.4946
364.0 6.80E-21 0.4825
365.0 6.65E-21 0.4704
366.0 7.43E-21 0.4584
367.0 8.60E-21 0.4464
368.0 1.01E-20 0.4343
369.0 1.06E-20 0.4221
370.0 1.14E-20 0.4099
371.0 1.19E-20 0.3980
372.0 1.14E-20 0.3861
373.0 1.21E-20 0.3742
374.0 1.35E-20 0.3622
375.0 1.33E-20 0.3501
376.0 1.38E-20 0.3392
377.0 1.47E-20 0.3282
378.0 1.61E-20 0.3173
379.0 1.53E-20 0.3062
380.0 1.93E-20 0.2952
381.0 2.46E-20 0.2852
382.0 2.02E-20 0.2752
383.0 2.07E-20 0.2651
384.0 1.94E-20 0.2551
385.0 1.89E-20 0.2450
386.0 1.84E-20 0.2365
387.0 2.29E-20 0.2280
388.0 3.00E-20 0.2195
389.0 3.21E-20 0.2109
390.0 3.48E-20 0.2024
391.0 3.92E-20 0.1947
392.0 3.80E-20 0.1870
393.0 2.85E-20 0.1794
394.0 3.15E-20 0.1717
395.0 3.86E-20 0.1640
396.0 3.68E-20 0.1569
397.0 3.36E-20 0.1498
398.0 4.32E-20 0.1427
399.0 4.35E-20 0.1356
400.0 3.87E-20 0.1285
401.0 4.46E-20 0.1213
402.0 5.84E-20 0.1142
403.0 7.16E-20 0.1070
404.0 6.24E-20 0.0999
405.0 4.49E-20 0.0927
406.0 4.48E-20 0.0852
407.0 4.07E-20 0.0776
408.0 3.44E-20 0.0700
409.0 4.01E-20 0.0625
410.0 5.66E-20 0.0549
411.0 7.22E-20 0.0487
412.0 7.41E-20 0.0425
413.0 1.08E-19 0.0363
414.0 1.01E-19 0.0302
415.0 1.02E-19 0.0240
416.0 6.07E-20 0.0166
417.0 6.83E-20 0.0106
418.0 7.87E-20 0.0058
419.0 9.13E-20 0.0022
420.0 5.60E-20 0.0000
421.0 7.19E-20 0.0000
