HCHOR_13        
! HCHO + HV = HCO. + H.                                                          
! Values from SAPRC22 documentation (https://intra.engr.ucr.edu/~carter/SAPRC/22/); Table B-3 of S22supp.xls
! SAPRC22 values based on IUPAC 2019 recommendations (for both absorption cross sections and quantum yield)
! IUPAC Subcommittee on Gas Kinetic Data Evaluation               
! Website: http://www.iupac-kinetic.ch.cam.ac.uk/.                               
!                                                                                
Points (the mechanism evaluated with this format)                                
! With FAC, units are (cm^2/molecule)                                            
FAC=1.0
250.0 2.57E-21 0.3200
251.0 2.04E-21 0.3190
252.0 3.37E-21 0.3180
253.0 2.89E-21 0.3170
254.0 3.42E-21 0.3160
255.0 4.50E-21 0.3150
256.0 6.28E-21 0.3140
257.0 4.43E-21 0.3130
258.0 3.07E-21 0.3120
259.0 6.17E-21 0.3110
260.0 6.05E-21 0.3100
261.0 6.59E-21 0.3200
262.0 6.03E-21 0.3300
263.0 1.08E-20 0.3400
264.0 9.47E-21 0.3500
265.0 5.31E-21 0.3600
266.0 5.39E-21 0.3700
267.0 1.36E-20 0.3800
268.0 1.24E-20 0.3900
269.0 9.91E-21 0.4000
270.0 9.63E-21 0.4160
271.0 1.94E-20 0.4320
272.0 1.43E-20 0.4480
273.0 8.11E-21 0.4640
274.0 6.58E-21 0.4800
275.0 2.14E-20 0.4960
276.0 2.58E-20 0.5120
277.0 1.57E-20 0.5280
278.0 1.04E-20 0.5440
279.0 2.45E-20 0.5600
280.0 2.34E-20 0.5800
281.0 1.56E-20 0.6000
282.0 9.73E-21 0.6200
283.0 7.22E-21 0.6400
284.0 4.27E-20 0.6500
285.0 4.05E-20 0.6700
286.0 2.10E-20 0.6800
287.0 1.15E-20 0.7000
288.0 3.17E-20 0.7100
289.0 3.23E-20 0.7100
290.0 1.17E-20 0.7200
291.0 1.84E-20 0.7300
292.0 7.97E-21 0.7300
293.0 3.13E-20 0.7400
294.0 7.15E-20 0.7000
295.0 4.05E-20 0.7900
296.0 2.47E-20 0.7600
297.0 1.37E-20 0.7400
298.0 4.22E-20 0.6700
299.0 3.18E-20 0.6500
300.0 9.64E-21 0.7000
301.0 1.63E-20 0.7000
302.0 8.54E-21 0.7300
303.0 3.02E-20 0.7140
304.0 7.22E-20 0.7500
305.0 4.75E-20 0.7100
306.0 4.29E-20 0.6420
307.0 1.78E-20 0.6800
308.0 1.39E-20 0.7000
309.0 3.25E-20 0.7100
310.0 1.74E-20 0.7000
311.0 4.62E-21 0.6800
312.0 1.19E-20 0.6690
313.0 9.06E-21 0.7300
314.0 5.64E-20 0.6810
315.0 5.57E-20 0.7800
316.0 2.56E-20 0.7500
317.0 5.78E-20 0.6530
318.0 3.15E-20 0.6600
319.0 9.78E-21 0.5790
320.0 1.19E-20 0.6000
321.0 1.60E-20 0.6500
322.0 7.22E-21 0.5800
323.0 3.28E-21 0.4750
324.0 8.58E-21 0.4900
325.0 1.58E-20 0.4600
326.0 6.88E-20 0.5060
327.0 4.37E-20 0.5000
328.0 1.22E-20 0.4000
329.0 3.12E-20 0.3290
330.0 3.87E-20 0.3800
331.0 1.41E-20 0.4600
332.0 3.47E-21 0.3700
333.0 2.14E-21 0.2400
334.0 1.59E-21 0.1120
335.0 9.70E-22 0.0700
336.0 1.26E-21 0.0550
337.0 3.83E-21 0.0350
338.0 1.92E-20 0.0100
339.0 5.38E-20 0.0110
340.0 3.15E-20 0.0100
341.0 9.78E-21 0.0080
342.0 5.09E-21 0.0080
343.0 1.92E-20 0.0080
344.0 1.27E-20 0.0070
345.0 4.37E-21 0.0070
346.0 1.19E-21 0.0070
347.0 4.40E-22 0.0070
348.0 7.50E-22 0.0070
349.0 3.80E-22 0.0060
350.0 3.60E-22 0.0060
351.0 8.90E-22 0.0050
352.0 7.30E-21 0.0050
353.0 2.28E-20 0.0050
354.0 1.65E-20 0.0050
355.0 6.96E-21 0.0050
356.0 1.48E-21 0.0000
