HCHOM_13        
! HCHO + HV = H2 + CO                                                            
! Values from SAPRC22 documentation (https://intra.engr.ucr.edu/~carter/SAPRC/22/); Table B-3 of S22supp.xls
! SAPRC22 values based on IUPAC 2019 recommendations (for both absorption cross sections and quantum yield)
! IUPAC Subcommittee on Gas Kinetic Data Evaluation
! Website: http://www.iupac-kinetic.ch.cam.ac.uk/.
!                                                                                
Points (the mechanism evaluated with this format)                                
! With FAC, units are (cm^2/molecule)                                            
FAC=1.0
250.0 2.57E-21 0.4800
251.0 2.04E-21 0.4810
252.0 3.37E-21 0.4820
253.0 2.89E-21 0.4830
254.0 3.42E-21 0.4840
255.0 4.50E-21 0.4850
256.0 6.28E-21 0.4860
257.0 4.43E-21 0.4870
258.0 3.07E-21 0.4880
259.0 6.17E-21 0.4890
260.0 6.05E-21 0.4900
261.0 6.59E-21 0.4811
262.0 6.03E-21 0.4722
263.0 1.08E-20 0.4633
264.0 9.47E-21 0.4544
265.0 5.31E-21 0.4456
266.0 5.39E-21 0.4367
267.0 1.36E-20 0.4278
268.0 1.24E-20 0.4189
269.0 9.91E-21 0.4100
270.0 9.63E-21 0.4010
271.0 1.94E-20 0.3920
272.0 1.43E-20 0.3830
273.0 8.11E-21 0.3740
274.0 6.58E-21 0.3650
275.0 2.14E-20 0.3560
276.0 2.58E-20 0.3470
277.0 1.57E-20 0.3380
278.0 1.04E-20 0.3290
279.0 2.45E-20 0.3200
280.0 2.34E-20 0.3000
281.0 1.56E-20 0.2700
282.0 9.73E-21 0.2700
283.0 7.22E-21 0.2500
284.0 4.27E-20 0.2600
285.0 4.05E-20 0.3100
286.0 2.10E-20 0.3200
287.0 1.15E-20 0.3000
288.0 3.17E-20 0.2900
289.0 3.23E-20 0.2900
290.0 1.17E-20 0.2800
291.0 1.84E-20 0.2700
292.0 7.97E-21 0.2700
293.0 3.13E-20 0.2600
294.0 7.15E-20 0.3000
295.0 4.05E-20 0.2100
296.0 2.47E-20 0.2400
297.0 1.37E-20 0.2800
298.0 4.22E-20 0.3300
299.0 3.18E-20 0.3500
300.0 9.64E-21 0.3000
301.0 1.63E-20 0.3000
302.0 8.54E-21 0.2700
303.0 3.02E-20 0.2860
304.0 7.22E-20 0.2500
305.0 4.75E-20 0.2900
306.0 4.29E-20 0.3580
307.0 1.78E-20 0.3200
308.0 1.39E-20 0.3000
309.0 3.25E-20 0.2900
310.0 1.74E-20 0.3000
311.0 4.62E-21 0.3200
312.0 1.19E-20 0.3310
313.0 9.06E-21 0.2700
314.0 5.64E-20 0.3190
315.0 5.57E-20 0.2200
316.0 2.56E-20 0.2500
317.0 5.78E-20 0.3470
318.0 3.15E-20 0.3400
319.0 9.78E-21 0.4310
320.0 1.19E-20 0.4000
321.0 1.60E-20 0.3500
322.0 7.22E-21 0.4200
323.0 3.28E-21 0.5250
324.0 8.58E-21 0.5100
325.0 1.58E-20 0.5400
326.0 6.88E-20 0.4940
327.0 4.37E-20 0.5000
328.0 1.22E-20 0.6000
329.0 3.12E-20 0.6710
330.0 3.87E-20 0.6200
331.0 1.41E-20 0.4300
332.0 3.47E-21 0.4500
333.0 2.14E-21 0.4800
334.0 1.59E-21 0.5100
335.0 9.70E-22 0.5600
336.0 1.26E-21 0.6200
337.0 3.83E-21 0.6100
338.0 1.92E-20 0.5800
339.0 5.38E-20 0.5800
340.0 3.15E-20 0.6400
341.0 9.78E-21 0.6100
342.0 5.09E-21 0.5800
343.0 1.92E-20 0.5500
344.0 1.27E-20 0.5100
345.0 4.37E-21 0.5000
346.0 1.19E-21 0.4700
347.0 4.40E-22 0.4400
348.0 7.50E-22 0.4200
349.0 3.80E-22 0.3800
350.0 3.60E-22 0.3600
351.0 8.90E-22 0.3300
352.0 7.30E-21 0.3000
353.0 2.28E-20 0.2800
354.0 1.65E-20 0.2500
355.0 6.96E-21 0.1200
356.0 1.48E-21 0.1000
357.0 3.50E-22 0.0700
358.0 1.90E-22 0.0400
359.0 1.10E-22 0.0100
360.0 9.00E-23 0.0000
