MGLY_13         
! CH3COCHO + HV = CH3CO. + HCO.                                                  
! Values from SAPRC22 documentation (https://intra.engr.ucr.edu/~carter/SAPRC/22/); Table B-3 of S22supp.xls
! SAPRC22 values based on IUPAC 2019 recommendations
! IUPAC Subcommittee on Gas Kinetic Data Evaluation
! Website: http://www.iupac-kinetic.ch.cam.ac.uk/.
!                                                                                
Points (the mechanism evaluated with this format)                                
! With FAC, units are (cm^2/molecule)                                            
FAC=1.0
290.0 4.84E-20 0.9714
291.0 4.74E-20 0.9695
292.0 4.65E-20 0.9674
293.0 4.55E-20 0.9653
294.0 4.46E-20 0.9630
295.0 4.36E-20 0.9606
296.0 4.24E-20 0.9581
297.0 4.12E-20 0.9555
298.0 4.00E-20 0.9527
299.0 3.88E-20 0.9497
300.0 3.75E-20 0.9466
301.0 3.68E-20 0.9434
302.0 3.60E-20 0.9400
303.0 3.52E-20 0.9364
304.0 3.44E-20 0.9327
305.0 3.36E-20 0.9288
306.0 3.16E-20 0.9247
307.0 2.96E-20 0.9204
308.0 2.76E-20 0.9159
309.0 2.56E-20 0.9112
310.0 2.37E-20 0.9063
311.0 2.27E-20 0.9013
312.0 2.18E-20 0.8960
313.0 2.08E-20 0.8904
314.0 1.99E-20 0.8847
315.0 1.89E-20 0.8788
316.0 1.82E-20 0.8726
317.0 1.74E-20 0.8662
318.0 1.66E-20 0.8596
319.0 1.59E-20 0.8528
320.0 1.51E-20 0.8457
321.0 1.40E-20 0.8384
322.0 1.28E-20 0.8309
323.0 1.17E-20 0.8231
324.0 1.05E-20 0.8151
325.0 9.38E-21 0.8069
326.0 8.81E-21 0.7985
327.0 8.24E-21 0.7898
328.0 7.66E-21 0.7810
329.0 7.09E-21 0.7719
330.0 6.52E-21 0.7626
331.0 6.18E-21 0.7532
332.0 5.84E-21 0.7435
333.0 5.50E-21 0.7337
334.0 5.16E-21 0.7236
335.0 4.82E-21 0.7135
336.0 4.50E-21 0.7031
337.0 4.18E-21 0.6926
338.0 3.87E-21 0.6820
339.0 3.55E-21 0.6712
340.0 3.23E-21 0.6603
341.0 3.18E-21 0.6493
342.0 3.14E-21 0.6382
343.0 3.09E-21 0.6271
344.0 3.05E-21 0.6158
345.0 3.00E-21 0.6045
346.0 3.19E-21 0.5932
347.0 3.38E-21 0.5818
348.0 3.56E-21 0.5704
349.0 3.75E-21 0.5590
350.0 3.94E-21 0.5476
351.0 4.27E-21 0.5362
352.0 4.60E-21 0.5248
353.0 4.94E-21 0.5135
354.0 5.27E-21 0.5022
355.0 5.60E-21 0.4910
356.0 5.87E-21 0.4798
357.0 6.14E-21 0.4688
358.0 6.41E-21 0.4578
359.0 6.68E-21 0.4469
360.0 6.95E-21 0.4362
361.0 7.71E-21 0.4255
362.0 8.48E-21 0.4150
363.0 9.24E-21 0.4046
364.0 1.00E-20 0.3944
365.0 1.08E-20 0.3843
366.0 1.16E-20 0.3744
367.0 1.24E-20 0.3646
368.0 1.32E-20 0.3550
369.0 1.40E-20 0.3455
370.0 1.48E-20 0.3362
371.0 1.56E-20 0.3271
372.0 1.65E-20 0.3182
373.0 1.74E-20 0.3095
374.0 1.82E-20 0.3009
375.0 1.91E-20 0.2925
376.0 2.01E-20 0.2843
377.0 2.12E-20 0.2763
378.0 2.22E-20 0.2684
379.0 2.33E-20 0.2608
380.0 2.43E-20 0.2533
381.0 2.59E-20 0.2460
382.0 2.75E-20 0.2389
383.0 2.90E-20 0.2319
384.0 3.06E-20 0.2250
385.0 3.22E-20 0.2166
386.0 3.38E-20 0.2085
387.0 3.54E-20 0.2007
388.0 3.71E-20 0.1933
389.0 3.87E-20 0.1862
390.0 4.03E-20 0.1794
391.0 4.17E-20 0.1729
392.0 4.31E-20 0.1666
393.0 4.45E-20 0.1606
394.0 4.59E-20 0.1549
395.0 4.73E-20 0.1494
396.0 4.92E-20 0.1441
397.0 5.10E-20 0.1390
398.0 5.29E-20 0.1341
399.0 5.48E-20 0.1294
400.0 5.66E-20 0.1249
401.0 5.90E-20 0.1206
402.0 6.07E-20 0.1164
403.0 6.35E-20 0.1124
404.0 6.54E-20 0.1086
405.0 6.91E-20 0.1049
406.0 7.20E-20 0.1014
407.0 7.58E-20 0.0980
408.0 7.94E-20 0.0947
409.0 8.12E-20 0.0915
410.0 8.52E-20 0.0885
411.0 8.63E-20 0.0856
412.0 9.07E-20 0.0828
413.0 9.37E-20 0.0801
414.0 9.62E-20 0.0775
415.0 9.68E-20 0.0749
416.0 9.71E-20 0.0725
417.0 1.00E-19 0.0702
418.0 1.01E-19 0.0680
419.0 1.01E-19 0.0658
420.0 1.02E-19 0.0637
421.0 1.03E-19 0.0617
422.0 1.05E-19 0.0598
423.0 1.05E-19 0.0579
424.0 1.02E-19 0.0561
425.0 1.03E-19 0.0544
426.0 1.02E-19 0.0527
427.0 9.84E-20 0.0511
428.0 1.00E-19 0.0496
429.0 9.94E-20 0.0481
430.0 1.04E-19 0.0466
431.0 1.05E-19 0.0452
432.0 9.79E-20 0.0439
433.0 1.06E-19 0.0426
434.0 1.05E-19 0.0413
435.0 1.08E-19 0.0401
436.0 1.11E-19 0.0389
437.0 9.99E-20 0.0378
438.0 1.06E-19 0.0367
439.0 1.10E-19 0.0356
440.0 9.94E-20 0.0346
441.0 1.04E-19 0.0336
442.0 1.02E-19 0.0326
443.0 1.02E-19 0.0317
444.0 1.12E-19 0.0308
445.0 9.61E-20 0.0299
446.0 8.90E-20 0.0291
447.0 9.84E-20 0.0283
448.0 9.18E-20 0.0275
449.0 1.01E-19 0.0267
450.0 8.67E-20 0.0260
451.0 6.34E-20 0.0253
452.0 6.33E-20 0.0246
453.0 6.08E-20 0.0239
454.0 4.46E-20 0.0233
455.0 3.69E-20 0.0226
456.0 3.08E-20 0.0220
457.0 2.46E-20 0.0214
458.0 1.81E-20 0.0209
459.0 1.28E-20 0.0203
460.0 9.14E-21 0.0198
461.0 7.95E-21 0.0193
462.0 6.42E-21 0.0188
463.0 4.79E-21 0.0183
464.0 3.32E-21 0.0178
465.0 2.68E-21 0.0173
466.0 2.27E-21 0.0169
467.0 1.87E-21 0.0165
468.0 1.60E-21 0.0160
469.0 1.33E-21 0.0156
470.0 1.08E-21 0.0152
471.0 9.90E-22 0.0148
472.0 8.90E-22 0.0145
473.0 7.70E-22 0.0141
474.0 6.70E-22 0.0138
475.0 6.20E-22 0.0134
476.0 0.00E+00 0.0131
