MVK_16          
! MVK total photolysis                                                           
! Values from SAPRC22 documentation (https://intra.engr.ucr.edu/~carter/SAPRC/22/); Table B-3 of S22supp.xls
! SAPRC22 values based on IUPAC 2022 recommendations
! IUPAC Subcommittee on Gas Kinetic Data Evaluation
! Website: http://www.iupac-kinetic.ch.cam.ac.uk/.
!
Points (the mechanism evaluated with this format)                                
! With FAC, units are (cm^2/molecule)                                            
FAC=1.0
250.0 2.41E-21 0.8630
251.0 2.41E-21 0.8160
252.0 2.24E-21 0.7730
253.0 2.41E-21 0.7310
254.0 2.41E-21 0.6920
255.0 2.58E-21 0.6550
256.0 2.75E-21 0.6200
257.0 2.75E-21 0.5870
258.0 2.93E-21 0.5560
259.0 3.10E-21 0.5260
260.0 3.27E-21 0.4980
261.0 3.61E-21 0.4710
262.0 3.79E-21 0.4460
263.0 3.96E-21 0.4220
264.0 4.30E-21 0.3990
265.0 4.65E-21 0.3780
266.0 4.99E-21 0.3580
267.0 5.34E-21 0.3390
268.0 5.68E-21 0.3210
269.0 6.20E-21 0.3030
270.0 6.54E-21 0.2870
271.0 7.06E-21 0.2720
272.0 7.57E-21 0.2570
273.0 8.09E-21 0.2430
274.0 8.78E-21 0.2300
275.0 9.29E-21 0.2180
276.0 9.98E-21 0.2060
277.0 1.08E-20 0.1950
278.0 1.15E-20 0.1850
279.0 1.24E-20 0.1750
280.0 1.33E-20 0.1660
281.0 1.41E-20 0.1570
282.0 1.50E-20 0.1480
283.0 1.60E-20 0.1400
284.0 1.70E-20 0.1330
285.0 1.81E-20 0.1260
286.0 1.91E-20 0.1190
287.0 2.03E-20 0.1130
288.0 2.15E-20 0.1070
289.0 2.29E-20 0.1010
290.0 2.43E-20 0.0960
291.0 2.55E-20 0.0900
292.0 2.67E-20 0.0860
293.0 2.81E-20 0.0810
294.0 2.93E-20 0.0770
295.0 3.08E-20 0.0730
296.0 3.24E-20 0.0690
297.0 3.39E-20 0.0650
298.0 3.56E-20 0.0620
299.0 3.70E-20 0.0580
300.0 3.87E-20 0.0550
301.0 4.04E-20 0.0520
302.0 4.20E-20 0.0490
303.0 4.35E-20 0.0470
304.0 4.51E-20 0.0440
305.0 4.66E-20 0.0420
306.0 4.82E-20 0.0400
307.0 4.96E-20 0.0380
308.0 5.13E-20 0.0360
309.0 5.30E-20 0.0340
310.0 5.44E-20 0.0320
311.0 5.58E-20 0.0300
312.0 5.73E-20 0.0280
313.0 5.87E-20 0.0270
314.0 6.02E-20 0.0260
315.0 6.14E-20 0.0240
316.0 6.28E-20 0.0230
317.0 6.42E-20 0.0220
318.0 6.54E-20 0.0200
319.0 6.63E-20 0.0190
320.0 6.70E-20 0.0180
321.0 6.76E-20 0.0170
322.0 6.83E-20 0.0160
323.0 6.85E-20 0.0160
324.0 6.88E-20 0.0150
325.0 6.95E-20 0.0140
326.0 7.02E-20 0.0130
327.0 7.09E-20 0.0120
328.0 7.16E-20 0.0120
329.0 7.23E-20 0.0110
330.0 7.28E-20 0.0110
331.0 7.30E-20 0.0100
332.0 7.26E-20 0.0090
333.0 7.18E-20 0.0090
334.0 7.04E-20 0.0080
335.0 6.94E-20 0.0080
336.0 6.85E-20 0.0080
337.0 6.70E-20 0.0070
338.0 6.56E-20 0.0070
339.0 6.47E-20 0.0060
340.0 6.44E-20 0.0060
341.0 6.42E-20 0.0060
342.0 6.35E-20 0.0050
343.0 6.35E-20 0.0050
344.0 6.30E-20 0.0050
345.0 6.23E-20 0.0050
346.0 6.14E-20 0.0040
347.0 6.08E-20 0.0040
348.0 5.77E-20 0.0040
349.0 5.47E-20 0.0040
350.0 5.20E-20 0.0040
351.0 4.94E-20 0.0030
352.0 4.72E-20 0.0030
353.0 4.53E-20 0.0030
354.0 4.32E-20 0.0030
355.0 4.15E-20 0.0030
356.0 4.03E-20 0.0030
357.0 3.94E-20 0.0020
358.0 3.89E-20 0.0020
359.0 3.89E-20 0.0020
360.0 3.68E-20 0.0020
361.0 3.60E-20 0.0020
362.0 3.49E-20 0.0020
363.0 3.36E-20 0.0020
364.0 3.29E-20 0.0020
365.0 3.03E-20 0.0020
366.0 2.77E-20 0.0010
367.0 2.50E-20 0.0010
368.0 2.20E-20 0.0010
369.0 2.01E-20 0.0010
370.0 1.88E-20 0.0010
371.0 1.74E-20 0.0010
372.0 1.58E-20 0.0010
373.0 1.48E-20 0.0010
374.0 1.39E-20 0.0010
375.0 1.31E-20 0.0010
376.0 1.26E-20 0.0010
377.0 1.24E-20 0.0010
378.0 1.20E-20 0.0010
379.0 1.20E-20 0.0010
380.0 1.05E-20 0.0010
381.0 9.81E-21 0.0010
382.0 9.12E-21 0.0010
383.0 8.78E-21 0.0010
384.0 9.29E-21 0.0010
385.0 7.57E-21 0.0010
386.0 6.37E-21 0.0000
