PPN_11             
! PAN2 and APANS
! Values from SAPRC22 documentation (https://intra.engr.ucr.edu/~carter/SAPRC/22/); Table B-3 of S22supp.xls
! SAPRC22 values based on NASA 2011 recommendations
!                                                                                
Points (the mechanism evaluated with this format)                                
! With FAC, units are (cm^2/molecule)                                            
FAC=1.0
210.0 1.75E-18 1.0000
212.0 1.55E-18 1.0000
214.0 1.36E-18 1.0000
216.0 1.16E-18 1.0000
218.0 1.00E-18 1.0000
220.0 8.65E-19 1.0000
222.0 7.51E-19 1.0000
224.0 6.51E-19 1.0000
226.0 5.72E-19 1.0000
228.0 4.99E-19 1.0000
230.0 4.39E-19 1.0000
232.0 3.85E-19 1.0000
234.0 3.38E-19 1.0000
236.0 2.97E-19 1.0000
238.0 2.60E-19 1.0000
240.0 2.28E-19 1.0000
242.0 2.00E-19 1.0000
244.0 1.76E-19 1.0000
246.0 1.55E-19 1.0000
248.0 1.36E-19 1.0000
250.0 1.20E-19 1.0000
252.0 1.06E-19 1.0000
254.0 9.39E-20 1.0000
256.0 8.35E-20 1.0000
258.0 7.39E-20 1.0000
260.0 6.54E-20 1.0000
262.0 5.76E-20 1.0000
264.0 5.05E-20 1.0000
266.0 4.43E-20 1.0000
268.0 3.88E-20 1.0000
270.0 3.38E-20 1.0000
272.0 2.93E-20 1.0000
274.0 2.54E-20 1.0000
276.0 2.19E-20 1.0000
278.0 1.89E-20 1.0000
280.0 1.61E-20 1.0000
282.0 1.37E-20 1.0000
284.0 1.15E-20 1.0000
286.0 9.70E-21 1.0000
288.0 8.17E-21 1.0000
290.0 6.85E-21 1.0000
292.0 5.71E-21 1.0000
294.0 4.80E-21 1.0000
296.0 4.05E-21 1.0000
298.0 3.39E-21 1.0000
300.0 2.85E-21 1.0000
302.0 2.38E-21 1.0000
304.0 2.01E-21 1.0000
306.0 1.70E-21 1.0000
308.0 1.43E-21 1.0000
310.0 1.20E-21 1.0000
312.0 1.02E-21 1.0000
314.0 8.84E-22 1.0000
316.0 7.31E-22 1.0000
318.0 6.07E-22 1.0000
320.0 5.23E-22 1.0000
322.0 4.73E-22 1.0000
324.0 3.79E-22 1.0000
326.0 3.02E-22 1.0000
328.0 2.60E-22 1.0000
330.0 2.22E-22 1.0000
332.0 1.88E-22 1.0000
334.0 1.58E-22 1.0000
336.0 1.16E-22 1.0000
338.0 9.80E-23 1.0000
340.0 7.20E-23 1.0000
345.0 0.00E+00 1.0000
